0.01595759391784668,
0.020943403244018555,
0.017952680587768555,
0.01995396614074707,
0.016980648040771484,
0.015957117080688477,
0.013989686965942383,
0.013988256454467773,
0.021971702575683594,
0.015957117080688477,
0.035903215408325195,
0.031941890716552734,
0.03589916229248047,
0.031914710998535156,
0.0359039306640625,
0.03291964530944824,
0.03588366508483887,
0.03391075134277344,
0.036873579025268555,
0.03291177749633789,
0.013962507247924805,
0.025931835174560547,
Blue Win
0.017955541610717773,
0.027898788452148438,
0.019947052001953125,
0.021921157836914062,
0.01697707176208496,
0.02194809913635254,
0.01593470573425293,
0.02192091941833496,
0.01598381996154785,
0.02191901206970215,
0.01694774627685547,
0.021941184997558594,
0.013990163803100586,
0.022964954376220703,
0.019926786422729492,
0.021919965744018555,
0.03588366508483887,
0.03191518783569336,
0.035924434661865234,
0.03390145301818848,
0.035883188247680664,
0.03293156623840332,
0.035883426666259766,
0.03489351272583008,
0.03690075874328613,
0.03491020202636719,
0.012996435165405273,
0.02590346336364746,
Blue Win
0.022933483123779297,
0.02196955680847168,
0.023936033248901367,
0.018520355224609375,
State Repitition
0.01994609832763672,
0.021971940994262695,
0.018960952758789062,
0.021920442581176758,
0.021950960159301758,
0.028921842575073242,
0.036901235580444336,
0.03188633918762207,
0.03690218925476074,
0.03289175033569336,
0.0379335880279541,
0.03390955924987793,
0.036901235580444336,
0.0348820686340332,
0.03787851333618164,
0.03293871879577637,
0.014964580535888672,
0.02595996856689453,
Blue Win
0.02000141143798828,
0.02192211151123047,
0.013962984085083008,
0.02390909194946289,
0.01693415641784668,
0.022918224334716797,
0.012975215911865234,
0.02092289924621582,
0.016960859298706055,
0.022969484329223633,
0.03787803649902344,
0.030942916870117188,
0.03789114952087402,
0.03089618682861328,
0.037871599197387695,
0.030916929244995117,
0.036905527114868164,
0.03092193603515625,
0.039922475814819336,
0.03191566467285156,
0.014931678771972656,
0.02590036392211914,
Blue Win
0.013962507247924805,
0.025910377502441406,
0.03189396858215332,
0.03388166427612305,
0.03192138671875,
0.029923677444458008,
0.03189420700073242,
0.029918909072875977,
0.0309450626373291,
0.02889418601989746,
0.03297066688537598,
0.012944221496582031,
0.022938966751098633,
Red Win
0.018948793411254883,
0.021942853927612305,
0.018956422805786133,
0.020923376083374023,
0.018951416015625,
0.021968603134155273,
0.01995396614074707,
0.02192091941833496,
0.018976688385009766,
0.02396249771118164,
0.01992630958557129,
0.03487682342529297,
0.0309450626373291,
0.02792525291442871,
0.03191494941711426,
0.027904748916625977,
0.03490877151489258,
0.028922557830810547,
0.0329127311706543,
0.029919862747192383,
0.03293967247009277,
0.013930320739746094,
0.022961139678955078,
Red Win
0.015012025833129883,
0.018959760665893555,
0.018980026245117188,
0.019917964935302734,
0.01992630958557129,
0.018977880477905273,
0.01949334144592285,
0.013971328735351562,
0.022918701171875,
0.014980316162109375,
0.033908843994140625,
0.032884836196899414,
0.037877798080444336,
0.037931203842163086,
0.02934575080871582,
0.036926984786987305,
0.028902292251586914,
0.03591108322143555,
0.02895045280456543,
0.0363924503326416,
0.02890157699584961,
0.03689408302307129,
0.029888629913330078,
0.036958932876586914,
0.027952909469604492,
0.04087066650390625,
0.03948545455932617,
0.044905900955200195,
0.03291893005371094,
0.03787875175476074,
0.0369415283203125,
0.04192471504211426,
0.03632521629333496,
0.03488492965698242,
0.03490900993347168,
0.028922080993652344,
0.03493475914001465,
0.028895139694213867,
0.03294014930725098,
0.027925491333007812,
0.03291463851928711,
0.013935565948486328,
0.022918224334716797,
Red Win
0.017040014266967773,
0.022917747497558594,
0.016927480697631836,
0.027927637100219727,
0.017952442169189453,
0.03889584541320801,
0.032906293869018555,
0.03992104530334473,
0.03394150733947754,
0.03690028190612793,
0.035910844802856445,
0.0289156436920166,
0.034898996353149414,
0.02895379066467285,
0.032891035079956055,
0.028902530670166016,
0.032889604568481445,
0.027904987335205078,
0.03289151191711426,
0.013983488082885742,
0.02296733856201172,
Red Win
0.011975288391113281,
0.013983726501464844,
0.015964031219482422,
0.02191948890686035,
0.019953012466430664,
0.021918773651123047,
0.018956899642944336,
0.021920442581176758,
0.02491450309753418,
0.022938251495361328,
0.02093815803527832,
0.02191329002380371,
0.021947145462036133,
0.022917985916137695,
0.034905433654785156,
0.032930612564086914,
0.0368809700012207,
0.03591012954711914,
0.028948545455932617,
0.03591561317443848,
0.028902292251586914,
0.03692960739135742,
0.028922319412231445,
0.03692007064819336,
0.02991795539855957,
0.03892207145690918,
0.02892303466796875,
0.04488015174865723,
0.03687119483947754,
0.04291176795959473,
0.03290820121765137,
0.03787422180175781,
0.04784560203552246,
0.0419154167175293,
0.03592276573181152,
0.03589367866516113,
0.03589749336242676,
0.028895139694213867,
0.03291893005371094,
0.028894424438476562,
0.03390908241271973,
0.027898073196411133,
0.032891273498535156,
0.012975215911865234,
0.023967981338500977,
Red Win
0.008953332901000977,
0.01096963882446289,
0.009969234466552734,
0.016973257064819336,
0.012964725494384766,
0.02191305160522461,
0.01991891860961914,
0.02190876007080078,
0.019939899444580078,
0.021914005279541016,
0.021939516067504883,
0.02196359634399414,
0.022937774658203125,
0.0229339599609375,
0.040128231048583984,
0.032913923263549805,
0.03691220283508301,
0.03388190269470215,
0.036873579025268555,
0.03293919563293457,
0.03787112236022949,
0.03388190269470215,
0.039183855056762695,
0.0339353084564209,
0.013988971710205078,
0.02594304084777832,
Blue Win
0.016985654830932617,
0.019972801208496094,
0.02094268798828125,
0.0189206600189209,
0.01892828941345215,
0.019937992095947266,
0.019390583038330078,
0.018929004669189453,
0.024960994720458984,
0.021969079971313477,
0.033935546875,
0.03410649299621582,
0.036881208419799805,
0.03788566589355469,
0.029923677444458008,
0.03588390350341797,
0.02991795539855957,
0.0368809700012207,
0.029915332794189453,
0.0369417667388916,
0.029398679733276367,
0.03693246841430664,
0.03284621238708496,
0.038871049880981445,
0.028902769088745117,
0.0399017333984375,
0.03792619705200195,
0.04444122314453125,
0.03289175033569336,
0.03992342948913574,
0.037439584732055664,
0.041860342025756836,
0.03789830207824707,
0.0348818302154541,
0.036873817443847656,
0.02798295021057129,
0.03690052032470703,
0.02695441246032715,
0.03289079666137695,
0.026928186416625977,
0.03293919563293457,
0.012993097305297852,
0.022907495498657227,
Red Win
0.016982316970825195,
0.0219724178314209,
0.016961336135864258,
0.02294015884399414,
0.017982006072998047,
0.021914958953857422,
0.017923831939697266,
0.024904489517211914,
0.01798224449157715,
0.039865970611572266,
0.03388190269470215,
0.03288459777832031,
0.03687405586242676,
0.031887054443359375,
0.0359036922454834,
0.031928300857543945,
0.036922454833984375,
0.03188729286193848,
0.03690147399902344,
0.031909942626953125,
0.03591609001159668,
0.03194260597229004,
0.03989529609680176,
0.03491044044494629,
0.04491138458251953,
0.026955842971801758,
0.026927947998046875,
0.032909393310546875,
0.01498723030090332,
0.03188681602478027,
0.030912160873413086,
0.031912803649902344,
0.02993011474609375,
0.0319211483001709,
0.023940563201904297,
0.03388214111328125,
0.013960123062133789,
0.02296590805053711,
Blue Win
0.015971660614013672,
0.015929698944091797,
0.01995372772216797,
0.0199735164642334,
0.01892876625061035,
0.022942543029785156,
0.02094411849975586,
0.03692960739135742,
0.03289198875427246,
0.027927160263061523,
0.033464908599853516,
0.02991509437561035,
0.03587651252746582,
0.029397249221801758,
0.03490734100341797,
0.029937028884887695,
0.03593134880065918,
0.013981819152832031,
0.023909330368041992,
Red Win
0.013994216918945312,
0.014939546585083008,
0.01895618438720703,
0.02191948890686035,
0.018929004669189453,
0.021941423416137695,
0.018929243087768555,
0.024933338165283203,
0.01981210708618164,
0.03887224197387695,
0.03191423416137695,
0.030918359756469727,
0.0364835262298584,
0.03098297119140625,
0.0379488468170166,
0.031503915786743164,
0.036928653717041016,
0.03293609619140625,
0.03787112236022949,
0.031400442123413086,
0.03789663314819336,
0.03188753128051758,
0.036873579025268555,
0.03288388252258301,
0.03690075874328613,
0.031392812728881836,
0.04088950157165527,
0.027894973754882812,
0.025910615921020508,
0.03194141387939453,
0.013989448547363281,
0.03390765190124512,
0.03091740608215332,
0.03596019744873047,
0.03091716766357422,
0.03189420700073242,
0.025910377502441406,
0.033904314041137695,
0.012992620468139648,
0.02196788787841797,
Blue Win
0.020971298217773438,
0.023908138275146484,
0.01693439483642578,
0.02192068099975586,
0.019917726516723633,
0.022930383682250977,
0.020943164825439453,
0.021913766860961914,
0.01695561408996582,
0.024927377700805664,
0.023907899856567383,
0.021961212158203125,
0.035930633544921875,
0.032907724380493164,
0.03692817687988281,
0.03191399574279785,
0.03787040710449219,
0.03388190269470215,
0.0359034538269043,
0.032936811447143555,
0.0388944149017334,
0.033362627029418945,
0.015386104583740234,
0.029236555099487305,
Blue Win
0.01894998550415039,
0.019947290420532227,
0.014956474304199219,
0.02296614646911621,
0.015951156616210938,
0.031887054443359375,
0.03292274475097656,
0.029900789260864258,
0.03288459777832031,
0.02890157699584961,
0.03191423416137695,
0.028902292251586914,
0.03391242027282715,
0.030896663665771484,
0.035883188247680664,
0.013940572738647461,
0.018976688385009766,
Red Win
0.014932394027709961,
0.018979549407958984,
0.019954204559326172,
0.01892995834350586,
0.018975496292114258,
0.019942045211791992,
0.0199737548828125,
0.020943880081176758,
0.02293872833251953,
0.013942480087280273,
0.03488659858703613,
0.03292965888977051,
0.03789854049682617,
0.03691363334655762,
0.02992415428161621,
0.0368807315826416,
0.03789997100830078,
0.03588056564331055,
0.028929948806762695,
0.0478520393371582,
0.02892136573791504,
0.037919044494628906,
0.028922557830810547,
0.036904335021972656,
0.027953624725341797,
0.03990030288696289,
0.036881208419799805,
0.043909311294555664,
0.043883562088012695,
0.03887581825256348,
0.036881208419799805,
0.04186511039733887,
0.03690838813781738,
0.03391742706298828,
0.03591561317443848,
0.02790379524230957,
0.03293967247009277,
0.02794504165649414,
0.03290557861328125,
0.027930259704589844,
0.032913923263549805,
0.013934135437011719,
0.022945880889892578,
Red Win
0.012965202331542969,
0.018949031829833984,
0.01598381996154785,
0.019949674606323242,
0.030898332595825195,
0.02091813087463379,
0.036931753158569336,
0.03289151191711426,
0.036908864974975586,
0.03290677070617676,
0.037871360778808594,
0.03789854049682617,
0.03593039512634277,
0.03393673896789551,
0.03792619705200195,
0.033910512924194336,
0.013969659805297852,
0.026955127716064453,
Blue Win
0.012997627258300781,
0.014984846115112305,
0.01692795753479004,
0.01996636390686035,
0.012991905212402344,
0.01994466781616211,
0.012965202331542969,
0.021961212158203125,
0.015976428985595703,
0.029892921447753906,
0.031941890716552734,
0.0289154052734375,
0.033930063247680664,
0.027953147888183594,
0.032919883728027344,
0.027952194213867188,
0.03291893005371094,
0.028930187225341797,
0.03290390968322754,
0.012993097305297852,
0.022918224334716797,
Red Win
0.017979145050048828,
0.026926517486572266,
0.019925832748413086,
0.01992654800415039,
0.019919157028198242,
0.01994633674621582,
0.023935317993164062,
0.0199735164642334,
0.034906864166259766,
0.036932945251464844,
0.03886532783508301,
0.04738259315490723,
0.029942035675048828,
0.036881208419799805,
0.03091263771057129,
0.03689694404602051,
0.028895139694213867,
0.03687238693237305,
0.02894902229309082,
0.03692960739135742,
0.028925180435180664,
0.040319204330444336,
0.03692364692687988,
0.043891191482543945,
0.034874677658081055,
0.03787827491760254,
0.03686857223510742,
0.04236292839050293,
0.03790616989135742,
0.034885406494140625,
0.03589892387390137,
0.02889847755432129,
0.03388237953186035,
0.03688788414001465,
0.0329439640045166,
0.027898311614990234,
0.032943010330200195,
0.012964963912963867,
0.022918224334716797,
Red Win
0.013989448547363281,
0.014986991882324219,
0.016983747482299805,
0.023943424224853516,
0.014935731887817383,
0.03887510299682617,
0.031914710998535156,
0.03890037536621094,
0.031903982162475586,
0.0349271297454834,
0.040872812271118164,
0.03194117546081543,
0.038861751556396484,
0.03194141387939453,
0.03892230987548828,
0.03293871879577637,
0.03789830207824707,
0.03193521499633789,
0.0359034538269043,
0.031928300857543945,
0.03786730766296387,
0.03390812873840332,
0.038895606994628906,
0.03091716766357422,
0.039893388748168945,
0.031934499740600586,
0.0438840389251709,
0.02992415428161621,
0.02795267105102539,
0.034893035888671875,
0.014958620071411133,
0.03189492225646973,
0.029926776885986328,
0.03194260597229004,
0.031894683837890625,
0.032923221588134766,
0.02693319320678711,
0.03294038772583008,
0.013962745666503906,
0.022911548614501953,
Blue Win
0.02197122573852539,
0.02091383934020996,
0.023908615112304688,
0.014991521835327148,
0.035935401916503906,
0.032919883728027344,
0.03690314292907715,
0.033888816833496094,
0.036928415298461914,
0.03289151191711426,
0.036873817443847656,
0.03194427490234375,
0.03793001174926758,
0.03292059898376465,
0.012938499450683594,
0.02596139907836914,
Blue Win
0.021914005279541016,
0.01797199249267578,
0.012984752655029297,
0.02293682098388672,
0.018944740295410156,
0.0249330997467041,
0.019919157028198242,
0.024959325790405273,
0.02094745635986328,
0.023936033248901367,
0.01997089385986328,
0.023966550827026367,
0.021914005279541016,
0.02293992042541504,
0.03490424156188965,
0.03388190269470215,
0.03786897659301758,
0.03690338134765625,
0.02895045280456543,
0.035902976989746094,
0.0288999080657959,
0.036921024322509766,
0.028927087783813477,
0.03787040710449219,
0.027904987335205078,
0.039865732192993164,
0.02890181541442871,
0.03987288475036621,
0.03687429428100586,
0.04388022422790527,
0.0349273681640625,
0.039919137954711914,
0.036907196044921875,
0.04191398620605469,
0.03593039512634277,
0.03388857841491699,
0.03591108322143555,
0.02889537811279297,
0.03393697738647461,
0.028924226760864258,
0.03293967247009277,
0.03090977668762207,
0.03391003608703613,
0.013962268829345703,
0.022939205169677734,
Red Win
0.019943952560424805,
0.02293539047241211,
0.01795053482055664,
0.022965669631958008,
0.016979217529296875,
0.021969318389892578,
0.023934602737426758,
0.022945642471313477,
0.036928415298461914,
0.032939910888671875,
0.0368807315826416,
0.03293895721435547,
0.03787088394165039,
0.0338892936706543,
0.03692126274108887,
0.033889055252075195,
0.03792166709899902,
0.03290867805480957,
0.013990163803100586,
0.025921106338500977,
Blue Win
0.021961688995361328,
0.023914813995361328,
0.019946813583374023,
0.03890848159790039,
0.031914472579956055,
0.03391623497009277,
0.0368809700012207,
0.03091740608215332,
0.03787112236022949,
0.03189349174499512,
0.0368802547454834,
0.03191876411437988,
0.036908626556396484,
0.03191375732421875,
0.03690338134765625,
0.0339353084564209,
0.036931514739990234,
0.031914472579956055,
0.03792619705200195,
0.0319216251373291,
0.04087042808532715,
0.027896642684936523,
0.02690410614013672,
0.032883644104003906,
0.016982078552246094,
0.03292346000671387,
0.03191494941711426,
0.03290510177612305,
0.03092479705810547,
0.03293919563293457,
0.024905920028686523,
0.0329132080078125,
0.013961553573608398,
0.023907899856567383,
Blue Win
0.018929004669189453,
0.017949342727661133,
0.019919157028198242,
0.017979145050048828,
0.02093362808227539,
0.024905681610107422,
0.020949125289916992,
0.03988909721374512,
0.03191351890563965,
0.027925729751586914,
0.03287386894226074,
0.027936458587646484,
0.03289151191711426,
0.029894113540649414,
0.0339047908782959,
0.02895045280456543,
0.03293299674987793,
0.013962984085083008,
0.0229184627532959,
Red Win
0.019945859909057617,
0.01493215560913086,
0.018944978713989258,
0.019919633865356445,
0.021945714950561523,
0.017979145050048828,
0.01994633674621582,
0.018921613693237305,
0.019945383071899414,
0.02991199493408203,
0.0329437255859375,
0.030944108963012695,
0.031894683837890625,
0.027957439422607422,
0.03189420700073242,
0.027903318405151367,
0.032918691635131836,
0.030893325805664062,
0.03587675094604492,
0.013942241668701172,
0.01894998550415039,
Red Win
0.011966466903686523,
0.022906780242919922,
0.013942718505859375,
0.021948575973510742,
0.018919706344604492,
0.023908615112304688,
0.03609037399291992,
0.032884836196899414,
0.036900997161865234,
0.03390955924987793,
0.03690171241760254,
0.03194236755371094,
0.039920806884765625,
0.03191542625427246,
0.0372622013092041,
0.03191518783569336,
0.012944936752319336,
0.025910615921020508,
Blue Win
0.01894998550415039,
0.023934602737426758,
0.019926786422729492,
0.021968841552734375,
0.019954204559326172,
0.021998882293701172,
0.019925832748413086,
0.02181267738342285,
0.018969297409057617,
0.021921634674072266,
0.022938013076782227,
0.022968530654907227,
0.03493452072143555,
0.03391265869140625,
0.038895606994628906,
0.038793325424194336,
0.0298919677734375,
0.03687334060668945,
0.028902530670166016,
0.037868499755859375,
0.0303955078125,
0.037871360778808594,
0.029451370239257812,
0.04089069366455078,
0.029889345169067383,
0.04085898399353027,
0.0364532470703125,
0.04587268829345703,
0.03394031524658203,
0.04736137390136719,
0.03690910339355469,
0.04285621643066406,
0.038895368576049805,
0.03791666030883789,
0.03588366508483887,
0.02795696258544922,
0.03291654586791992,
0.028929948806762695,
0.03294229507446289,
0.027952909469604492,
0.03291606903076172,
0.012973785400390625,
0.022918701171875,
Red Win
0.021941184997558594,
0.015960216522216797,
0.011999845504760742,
0.021913766860961914,
0.013967752456665039,
0.021972179412841797,
0.019926071166992188,
0.02293848991394043,
0.035932302474975586,
0.03194689750671387,
0.03588390350341797,
0.031934261322021484,
0.035897016525268555,
0.03189373016357422,
0.036881446838378906,
0.03194308280944824,
0.03690671920776367,
0.03189420700073242,
0.012945413589477539,
0.025910615921020508,
Blue Win
0.018944501876831055,
0.02195262908935547,
0.01698613166809082,
0.021970748901367188,
0.016958236694335938,
0.021915912628173828,
0.01693439483642578,
0.023936033248901367,
0.015984773635864258,
0.0388944149017334,
0.03192257881164551,
0.03289151191711426,
0.03690838813781738,
0.031894683837890625,
0.036901235580444336,
0.03194308280944824,
0.03792977333068848,
0.03288435935974121,
0.03789710998535156,
0.031890869140625,
0.03691434860229492,
0.03487825393676758,
0.03690171241760254,
0.030916929244995117,
0.03692817687988281,
0.0319218635559082,
0.04087042808532715,
0.02695631980895996,
0.026928186416625977,
0.03294205665588379,
0.014965057373046875,
0.03388214111328125,
0.029917001724243164,
0.03191375732421875,
0.03194236755371094,
0.03390955924987793,
0.024909496307373047,
0.03587603569030762,
0.012945175170898438,
0.024926424026489258,
Blue Win
0.017009735107421875,
0.020938634872436523,
0.024905920028686523,
0.014991521835327148,
0.036900997161865234,
0.03188896179199219,
0.03889131546020508,
0.03289151191711426,
0.03687310218811035,
0.03293919563293457,
0.03588390350341797,
0.031914472579956055,
0.035932302474975586,
0.0319211483001709,
0.012965202331542969,
0.025927066802978516,
Blue Win
0.018948078155517578,
0.021947860717773438,
0.019006013870239258,
0.0219724178314209,
0.020971298217773438,
0.023908615112304688,
0.024904251098632812,
0.03140068054199219,
0.03288412094116211,
0.03239107131958008,
0.03593254089355469,
0.03188729286193848,
0.035935163497924805,
0.03090953826904297,
0.03687644004821777,
0.040868520736694336,
0.0371096134185791,
0.030913591384887695,
0.03588700294494629,
0.030917644500732422,
0.035382747650146484,
0.03094768524169922,
0.04784893989562988,
0.025957822799682617,
0.022944927215576172,
0.03189444541931152,
0.013994455337524414,
0.031887054443359375,
0.02792835235595703,
0.03125357627868652,
0.027924776077270508,
0.030892610549926758,
0.022918224334716797,
0.031922340393066406,
0.012964010238647461,
0.021949052810668945,
Blue Win
0.017931461334228516,
0.01995396614074707,
0.01892399787902832,
0.01992630958557129,
0.018929243087768555,
0.018976211547851562,
0.01895618438720703,
0.019925594329833984,
0.021968841552734375,
0.015936851501464844,
0.03690075874328613,
0.032881736755371094,
0.03690838813781738,
0.03690195083618164,
0.02889537811279297,
0.03587698936462402,
0.027925491333007812,
0.035924434661865234,
0.029919862747192383,
0.0358729362487793,
0.02892279624938965,
0.03690814971923828,
0.02790546417236328,
0.035910844802856445,
0.03591203689575195,
0.037869930267333984,
0.03293919563293457,
0.035875797271728516,
0.036873579025268555,
0.038923025131225586,
0.03687119483947754,
0.03593111038208008,
0.03390860557556152,
0.026952028274536133,
0.0329437255859375,
0.02795577049255371,
0.03288435935974121,
0.028922557830810547,
0.034934043884277344,
0.012992143630981445,
0.02094268798828125,
Red Win
0.018978357315063477,
0.024935483932495117,
0.018949270248413086,
0.03892254829406738,
0.031931400299072266,
0.0339360237121582,
0.03593134880065918,
0.030948877334594727,
0.03590226173400879,
0.030916929244995117,
0.04191279411315918,
0.030918359756469727,
0.035930633544921875,
0.03203701972961426,
0.03692889213562012,
0.04937481880187988,
0.03690195083618164,
0.03288459777832031,
0.036873817443847656,
0.03194165229797363,
0.035910606384277344,
0.02792525291442871,
0.022940874099731445,
0.03289151191711426,
0.01495981216430664,
0.030916929244995117,
0.029920101165771484,
0.03390026092529297,
0.027935266494750977,
0.031915903091430664,
0.022918701171875,
0.03293895721435547,
0.012944459915161133,
0.021940946578979492,
Blue Win
0.011972904205322266,
0.014934062957763672,
0.015957117080688477,
0.019965410232543945,
0.01394200325012207,
0.024227142333984375,
0.013989686965942383,
0.03091740608215332,
0.03089594841003418,
0.02789783477783203,
0.031974077224731445,
0.02789759635925293,
0.03291749954223633,
0.02693915367126465,
0.03239798545837402,
0.026993513107299805,
0.03195476531982422,
0.012992143630981445,
0.021947860717773438,
Red Win
0.01595926284790039,
0.013964176177978516,
0.01895594596862793,
0.018956422805786133,
0.018921375274658203,
0.01897883415222168,
0.017951488494873047,
0.015947580337524414,
0.018947362899780273,
0.013964414596557617,
0.022917985916137695,
0.014966964721679688,
0.03487825393676758,
0.03188753128051758,
0.03593254089355469,
0.03191518783569336,
0.03589653968811035,
0.03288459777832031,
0.036901235580444336,
0.03288435935974121,
0.03590273857116699,
0.033911705017089844,
0.012964248657226562,
0.024932146072387695,
Blue Win
0.015987157821655273,
0.02095770835876465,
0.018929004669189453,
0.02393174171447754,
0.01891922950744629,
0.021921157836914062,
0.018953323364257812,
0.020944595336914062,
0.019950151443481445,
0.021937847137451172,
0.023908615112304688,
0.023943424224853516,
0.03391671180725098,
0.031876325607299805,
0.035883188247680664,
0.03688168525695801,
0.02793145179748535,
0.03590703010559082,
0.028902530670166016,
0.03590893745422363,
0.027904987335205078,
0.03593158721923828,
0.027956724166870117,
0.035883188247680664,
0.027904748916625977,
0.03588366508483887,
0.03593897819519043,
0.03789854049682617,
0.034909725189208984,
0.03487968444824219,
0.03490471839904785,
0.036931753158569336,
0.03687644004821777,
0.032922983169555664,
0.034932613372802734,
0.027952909469604492,
0.03191423416137695,
0.0279388427734375,
0.03191423416137695,
0.026948928833007812,
0.03193545341491699,
0.012944698333740234,
0.021968364715576172,
Red Win
0.013972282409667969,
0.014959335327148438,
0.018957138061523438,
0.021973133087158203,
0.017924785614013672,
0.02094888687133789,
0.01894688606262207,
0.02095484733581543,
0.020943880081176758,
0.02192211151123047,
0.018927574157714844,
0.023964405059814453,
0.019957542419433594,
0.034885406494140625,
0.03088998794555664,
0.02892327308654785,
0.03490591049194336,
0.02695631980895996,
0.031940460205078125,
0.027931690216064453,
0.03189420700073242,
0.027959823608398438,
0.031922101974487305,
0.012945413589477539,
0.02194809913635254,
Red Win
0.013993024826049805,
0.01194000244140625,
0.013963937759399414,
0.01398921012878418,
0.018921613693237305,
0.017431259155273438,
0.019949913024902344,
0.016927242279052734,
0.017958402633666992,
0.01892232894897461,
0.0195159912109375,
0.02693629264831543,
0.0319216251373291,
0.02792501449584961,
0.031914472579956055,
0.02692723274230957,
0.03291511535644531,
0.028634309768676758,
0.031922101974487305,
0.02676844596862793,
0.032912492752075195,
0.012991189956665039,
0.021967649459838867,
Red Win
0.020976781845092773,
0.02192997932434082,
0.018929243087768555,
0.030898571014404297,
0.01897573471069336,
0.03690171241760254,
0.031887054443359375,
0.03890705108642578,
0.03391408920288086,
0.03588390350341797,
0.0359036922454834,
0.02792525291442871,
0.03489971160888672,
0.02789783477783203,
0.03194117546081543,
0.027952194213867188,
0.031916141510009766,
0.03687238693237305,
0.031914472579956055,
0.012937545776367188,
0.02291083335876465,
Red Win
