0.45784664154052734,
0.6582484245300293,
0.5625357627868652,
0.7410647869110107,
0.6123614311218262,
0.7595915794372559,
0.6179423332214355,
0.8413903713226318,
0.5780642032623291,
0.9408135414123535,
0.7014930248260498,
1.6373107433319092,
1.8929436206817627,
1.4439480304718018,
1.4849588871002197,
1.2782692909240723,
1.4638521671295166,
1.2886040210723877,
1.4640920162200928,
1.1260838508605957,
1.4641268253326416,
1.0290546417236328,
1.4183402061462402,
0.735205888748169,
0.8837831020355225,
Red Win
0.6777188777923584,
0.595102071762085,
0.6656956672668457,
0.606377124786377,
0.7453389167785645,
0.7200584411621094,
0.8324856758117676,
0.7540240287780762,
1.4750542640686035,
1.849062204360962,
1.491593837738037,
1.4880383014678955,
1.5089542865753174,
1.5545260906219482,
1.5120952129364014,
1.472090482711792,
1.3908414840698242,
1.4268865585327148,
1.1484405994415283,
1.2241528034210205,
1.397568702697754,
1.3806397914886475,
1.4209415912628174,
1.3511137962341309,
1.1240034103393555,
1.294541597366333,
1.1035399436950684,
1.2845594882965088,
1.0991437435150146,
1.4697611331939697,
1.154374122619629,
1.0937888622283936,
0.8170194625854492,
0.9362502098083496,
0.7357025146484375,
0.8971922397613525,
0.8054203987121582,
0.9181764125823975,
0.7290878295898438,
0.8954112529754639,
0.8117148876190186,
0.9223082065582275,
0.7409594058990479,
0.8698017597198486,
0.733121395111084,
0.759000301361084,
0.5410573482513428,
1.0339562892913818,
0.9510970115661621,
