0.698131799697876,
0.8152079582214355,
0.6569867134094238,
1.012606143951416,
0.7049887180328369,
1.5956039428710938,
1.4279916286468506,
1.308194637298584,
1.4829869270324707,
1.316910982131958,
1.4930427074432373,
1.3201045989990234,
1.4760212898254395,
1.3004822731018066,
1.4721791744232178,
1.2987127304077148,
1.4694886207580566,
1.294715166091919,
1.4686007499694824,
1.2970373630523682,
1.4341990947723389,
1.3088817596435547,
1.4040379524230957,
1.3061091899871826,
1.3901350498199463,
1.2601122856140137,
1.3070859909057617,
1.0373141765594482,
1.1609272956848145,
1.2305409908294678,
1.390629768371582,
1.2430050373077393,
1.4094080924987793,
1.2371153831481934,
1.4010117053985596,
1.2273786067962646,
1.3953142166137695,
1.2426180839538574,
1.4156029224395752,
1.233020305633545,
1.4207792282104492,
1.2502801418304443,
1.41157865524292,
1.2390320301055908,
1.4189813137054443,
1.221977710723877,
1.3933987617492676,
1.235731601715088,
1.4100573062896729,
1.2326195240020752,
1.4275999069213867,
1.2450525760650635,
1.4307069778442383,
1.0918669700622559,
1.4097049236297607,
0.9879870414733887,
1.2110416889190674,
0.7150671482086182,
0.8562541007995605,
Red Win
0.8777952194213867,
1.4133565425872803,
1.4153125286102295,
1.4040672779083252,
1.3887817859649658,
1.3593809604644775,
1.3883135318756104,
1.4193415641784668,
1.4222252368927002,
1.4319734573364258,
0.6691329479217529,
0.7072322368621826,
0.7315714359283447,
0.8158433437347412,
1.464054822921753,
1.452873945236206,
1.4711740016937256,
1.4873278141021729,
1.5058786869049072,
1.3733248710632324,
0.7640335559844971,
0.6799638271331787,
0.6834633350372314,
0.7399554252624512,
0.8816404342651367,
1.4511139392852783,
1.345102071762085,
1.3705837726593018,
1.388787031173706,
1.4142413139343262,
1.460533618927002,
1.3928794860839844,
1.4082112312316895,
1.3466851711273193,
1.2047946453094482,
0.8427724838256836,
Red Win
0.7604029178619385,
0.8866066932678223,
1.4622931480407715,
1.2287569046020508,
1.4152355194091797,
1.5199379920959473,
1.4660568237304688,
1.4710352420806885,
1.4613702297210693,
1.4680752754211426,
1.4618873596191406,
1.7964088916778564,
1.3913493156433105,
1.4147484302520752,
0.8641519546508789,
0.7132742404937744,
0.6902055740356445,
1.179842472076416,
1.4012246131896973,
1.4063146114349365,
0.6393084526062012,
0.7356922626495361,
0.745983362197876,
0.7499656677246094,
0.7649509906768799,
1.508934736251831,
1.4970009326934814,
1.492258071899414,
1.8419251441955566,
1.4833910465240479,
1.4865994453430176,
1.4999580383300781,
1.4145309925079346,
1.3951983451843262,
1.3784499168395996,
0.9095940589904785,
1.384842872619629,
1.4208476543426514,
1.4246785640716553,
1.9420874118804932,
1.5106651782989502,
0.4138932228088379,
0.6461672782897949,
0.7338359355926514,
0.6602129936218262,
0.6592080593109131,
0.8218076229095459,
1.5667054653167725,
1.5636858940124512,
1.5715162754058838,
1.558563232421875,
1.600501537322998,
1.5207479000091553,
1.400803565979004,
1.4061815738677979,
0.8696448802947998,
0.8387289047241211,
0.6945781707763672,
1.414893627166748,
1.3942251205444336,
1.4344022274017334,
1.4524822235107422,
0.7150800228118896,
0.8299403190612793,
1.573249340057373,
1.5776340961456299,
1.576570987701416,
1.5877313613891602,
1.5593900680541992,
1.5068964958190918,
1.3962433338165283,
1.3908679485321045,
0.868621826171875,
0.7190556526184082,
0.6961169242858887,
1.1748557090759277,
1.3963050842285156,
1.4123620986938477,
1.4523365497589111,
0.6871707439422607,
0.7348394393920898,
0.7369976043701172,
0.7389950752258301,
0.7220664024353027,
0.7240703105926514,
0.7759275436401367,
0.7909109592437744,
0.7522647380828857,
0.8076267242431641,
0.8178222179412842,
0.933880090713501,
1.5914902687072754,
1.3274352550506592,
1.236670970916748,
1.4103291034698486,
1.5569980144500732,
1.4683849811553955,
1.4537558555603027,
1.4700462818145752,
1.4455974102020264,
1.4620862007141113,
1.4888620376586914,
1.682051181793213,
1.4131898880004883,
1.3743486404418945,
0.8966324329376221,
1.385103464126587,
1.4003567695617676,
1.4231915473937988,
0.7150864601135254,
0.7130908966064453,
0.7350597381591797,
0.787919282913208,
1.0945470333099365,
0.9624114036560059,
1.5778017044067383,
1.3161654472351074,
1.226719617843628,
1.4122288227081299,
1.710559368133545,
1.4647045135498047,
1.4623210430145264,
1.4438116550445557,
1.4500398635864258,
1.9319369792938232,
1.4888217449188232,
1.391887903213501,
1.5239241123199463,
1.4640579223632812,
1.0771191120147705,
1.3927977085113525,
1.40806245803833,
1.4248106479644775,
0.7675871849060059,
0.8143260478973389,
1.3780112266540527,
1.2376723289489746,
1.4860036373138428,
1.5358960628509521,
1.4674410820007324,
1.9035892486572266,
1.4520583152770996,
1.452026128768921,
1.5628454685211182,
1.5029783248901367,
1.4257211685180664,
1.399838924407959,
0.8773486614227295,
0.7779455184936523,
0.6921553611755371,
1.4263267517089844,
1.402247667312622,
1.4167509078979492,
0.6634292602539062,
0.7920691967010498,
1.6953275203704834,
1.350146770477295,
1.3625035285949707,
1.362821102142334,
1.0422136783599854,
0.645272970199585,
0.7897264957427979,
0.7619330883026123,
1.4286835193634033,
1.4525904655456543,
1.4559040069580078,
1.4549610614776611,
1.4710357189178467,
1.466550350189209,
1.471536636352539,
1.4630706310272217,
1.4766807556152344,
1.5576446056365967,
1.503058910369873,
1.3945670127868652,
0.869640588760376,
0.7141165733337402,
0.6911489963531494,
1.1818647384643555,
1.3992254734039307,
1.5418696403503418,
0.8127267360687256,
0.7969138622283936,
0.7687788009643555,
0.7609918117523193,
1.4565722942352295,
1.78233003616333,
1.7346265316009521,
1.4629778861999512,
1.5440165996551514,
1.4808499813079834,
1.4613292217254639,
1.5728528499603271,
1.478315830230713,
1.5250186920166016,
0.8980903625488281,
0.7200453281402588,
0.6951398849487305,
1.3823015689849854,
1.395209550857544,
1.6527009010314941,
0.6522574424743652,
0.6641316413879395,
0.8748524188995361,
0.6877374649047852,
0.7948727607727051,
1.658050537109375,
1.4756922721862793,
1.4365768432617188,
1.4391498565673828,
1.3444035053253174,
1.415212869644165,
1.4690537452697754,
1.2980618476867676,
1.5105502605438232,
1.3902297019958496,
1.4391214847564697,
1.3481566905975342,
1.3475675582885742,
1.2696025371551514,
Blue Win
0.48098301887512207,
0.7350642681121826,
0.9404842853546143,
1.4151904582977295,
1.2137517929077148,
1.4162390232086182,
1.4580044746398926,
1.5290107727050781,
1.4644920825958252,
1.4612054824829102,
1.4581027030944824,
1.470073938369751,
1.493356466293335,
1.4151923656463623,
1.3943908214569092,
1.3779714107513428,
1.1968684196472168,
1.3909568786621094,
1.4191830158233643,
1.418928623199463,
0.7457199096679688,
0.8018820285797119,
1.5259180068969727,
1.4406790733337402,
1.4391210079193115,
1.446150779724121,
1.3703103065490723,
1.3782622814178467,
1.5294668674468994,
1.4433026313781738,
1.712169885635376,
1.381331205368042,
1.595046043395996,
1.3440783023834229,
1.347649335861206,
1.0870964527130127,
Blue Win
0.4208967685699463,
0.7333910465240479,
0.9302117824554443,
1.407203197479248,
1.5751619338989258,
1.4147427082061768,
1.4640402793884277,
1.8312547206878662,
1.449045181274414,
1.4512073993682861,
1.5669047832489014,
1.4560155868530273,
1.4949989318847656,
1.4046149253845215,
1.3935425281524658,
1.3882577419281006,
0.9076032638549805,
1.7155439853668213,
1.4593579769134521,
1.4234774112701416,
0.41945910453796387,
0.591219425201416,
0.6617071628570557,
0.6627027988433838,
0.6780669689178467,
0.7948799133300781,
1.5265913009643555,
1.4431381225585938,
1.457921028137207,
1.73640775680542,
1.3555502891540527,
1.3992321491241455,
1.461367130279541,
1.285491943359375,
1.409308671951294,
1.381303310394287,
1.5890421867370605,
1.337390422821045,
1.3528084754943848,
1.0900821685791016,
Blue Win
0.6670770645141602,
0.7330052852630615,
0.7640275955200195,
0.7190167903900146,
0.846975564956665,
0.8221518993377686,
1.4030418395996094,
1.5560433864593506,
1.4000282287597656,
1.5550036430358887,
1.3999900817871094,
1.5640501976013184,
1.4020698070526123,
1.5571000576019287,
1.395021915435791,
1.5501666069030762,
1.4070544242858887,
1.7299866676330566,
1.3930914402008057,
1.379021406173706,
1.414100170135498,
1.3770580291748047,
1.3610069751739502,
0.8590970039367676,
0.9861428737640381,
0.7350573539733887,
0.8649835586547852,
0.49003124237060547,
0.8560266494750977,
0.5470037460327148,
0.8180451393127441,
Red Win
0.42145872116088867,
0.4488053321838379,
0.6658210754394531,
0.576568603515625,
0.747502326965332,
0.6453883647918701,
0.7340130805969238,
0.6482648849487305,
0.7564406394958496,
0.7866048812866211,
0.8820450305938721,
0.8172943592071533,
1.4147591590881348,
1.5735819339752197,
1.5355961322784424,
2.008711099624634,
1.6763453483581543,
1.5747466087341309,
1.6321232318878174,
1.6087470054626465,
1.3974664211273193,
1.5709316730499268,
1.4113643169403076,
1.5080013275146484,
1.3953053951263428,
1.3988723754882812,
1.6172306537628174,
1.4592370986938477,
1.6576275825500488,
0.9342167377471924,
1.2187161445617676,
0.7314989566802979,
0.8694944381713867,
0.5004501342773438,
0.8696684837341309,
0.560856819152832,
0.8262112140655518,
Red Win
0.8167941570281982,
0.7994661331176758,
1.493851661682129,
1.5358524322509766,
1.5209650993347168,
1.4472198486328125,
1.6101369857788086,
1.6310455799102783,
1.5340428352355957,
1.909189224243164,
1.4160881042480469,
1.304908275604248,
1.0941622257232666,
1.3021879196166992,
1.0977015495300293,
1.335407018661499,
1.23703932762146,
1.2642738819122314,
1.279294490814209,
0.9379482269287109,
0.7430117130279541,
0.8987963199615479,
0.8142423629760742,
0.9298930168151855,
0.7405855655670166,
0.9120283126831055,
0.8132340908050537,
0.9270505905151367,
0.7393040657043457,
0.8988637924194336,
0.8129637241363525,
0.9737062454223633,
0.7385959625244141,
0.9040601253509521,
0.8161883354187012,
0.8909099102020264,
0.6672472953796387,
0.7376635074615479,
0.657153844833374,
1.071439266204834,
0.8748798370361328,
0.5076417922973633,
0.5146224498748779,
0.4318716526031494,
0.7420148849487305,
0.6542489528656006,
0.7235894203186035,
0.6160182952880859,
0.7280135154724121,
0.5879876613616943,
0.782029390335083,
0.654916524887085,
0.7812485694885254,
0.7300078868865967,
0.7680439949035645,
0.833996057510376,
0.8420662879943848,
1.4189929962158203,
1.4781367778778076,
1.3970584869384766,
1.601942777633667,
1.8640732765197754,
1.560077428817749,
1.5610253810882568,
1.5090312957763672,
1.40910005569458,
1.4810194969177246,
1.720996379852295,
1.4740397930145264,
1.405008316040039,
1.4630212783813477,
1.555006742477417,
1.5991120338439941,
1.3850221633911133,
1.392484188079834,
1.632612943649292,
1.4180803298950195,
1.606105089187622,
1.4040160179138184,
1.5080347061157227,
1.498081922531128,
1.5499968528747559,
1.4501705169677734,
1.5266354084014893,
1.507896900177002,
1.5386605262756348,
1.485884428024292,
1.5360515117645264,
1.6599485874176025,
1.6170196533203125,
1.4610979557037354,
1.6439659595489502,
1.679056167602539,
1.5746214389801025,
1.5173187255859375,
1.6177077293395996,
1.4887728691101074,
1.507148265838623,
1.4540667533874512,
1.394063949584961,
1.4469594955444336,
1.1628494262695312,
1.2190966606140137,
1.40081787109375,
1.3673028945922852,
1.2410147190093994,
1.3440580368041992,
1.2000000476837158,
1.3140931129455566,
1.1500167846679688,
1.365816354751587,
1.097304344177246,
1.2141990661621094,
1.147028923034668,
0.9010119438171387,
0.8130676746368408,
0.9304623603820801,
0.8279926776885986,
0.9034032821655273,
0.810434103012085,
0.9244301319122314,
0.7499973773956299,
0.9399466514587402,
0.8122866153717041,
1.0508060455322266,
0.9718143939971924,
0.8715288639068604,
0.7813982963562012,
0.7825262546539307,
0.5601398944854736,
1.1007251739501953,
0.9498507976531982,
0.5971329212188721,
0.7752764225006104,
0.8149282932281494,
0.697580099105835,
0.7728562355041504,
0.7679178714752197,
1.5899055004119873,
1.5789220333099365,
1.6640419960021973,
1.524174451828003,
1.6839630603790283,
1.5031464099884033,
1.5550897121429443,
1.5720000267028809,
1.2170500755310059,
1.2958400249481201,
1.231097936630249,
1.3630588054656982,
1.3601672649383545,
1.3660082817077637,
1.2280552387237549,
1.3280243873596191,
1.3479697704315186,
1.2950329780578613,
1.1500208377838135,
0.9049913883209229,
0.8260345458984375,
0.9230053424835205,
0.7320010662078857,
0.902564287185669,
0.8090910911560059,
0.9369723796844482,
0.7354192733764648,
0.8639533519744873,
0.7292861938476562,
0.76558518409729,
0.5509274005889893,
1.0422043800354004,
0.9430055618286133,
0.7300152778625488,
0.6492629051208496,
0.7330112457275391,
0.6502869129180908,
0.8113601207733154,
0.7787468433380127,
0.863400936126709,
0.9053096771240234,
1.3915798664093018,
1.594085693359375,
1.4418435096740723,
1.5811090469360352,
1.3917145729064941,
1.5798897743225098,
1.536339521408081,
1.5827865600585938,
1.4042212963104248,
1.5749189853668213,
1.6653904914855957,
1.6089985370635986,
1.3952395915985107,
1.3854687213897705,
1.455843448638916,
1.3930094242095947,
1.3615148067474365,
0.8576838970184326,
0.9879121780395508,
0.778062105178833,
0.8713421821594238,
0.49670863151550293,
0.9518985748291016,
0.5454678535461426,
0.8986504077911377,
Red Win
0.6296002864837646,
0.868485689163208,
0.7679033279418945,
1.3638153076171875,
1.4871737957000732,
1.380561113357544,
1.478841781616211,
1.3747925758361816,
1.424623727798462,
1.2927196025848389,
1.4921889305114746,
0.9747490882873535,
1.280637502670288,
0.6308701038360596,
0.7838807106018066,
Red Win
0.759958028793335,
0.7802863121032715,
0.7250590324401855,
0.8181889057159424,
1.0889651775360107,
0.9020938873291016,
0.918022871017456,
0.924896240234375,
0.35828208923339844,
0.7246336936950684,
0.612908124923706,
0.7283973693847656,
0.5961513519287109,
0.793616771697998,
0.6665890216827393,
0.7745609283447266,
0.7300436496734619,
0.7609820365905762,
0.9354286193847656,
0.7664365768432617,
1.4315295219421387,
1.4837629795074463,
1.4175574779510498,
1.676565170288086,
1.5621531009674072,
1.474989891052246,
1.4270472526550293,
1.5353364944458008,
1.421424150466919,
1.476902961730957,
1.5305631160736084,
1.8040821552276611,
1.577108383178711,
1.4700522422790527,
1.6140143871307373,
1.3868381977081299,
1.3850047588348389,
1.3680589199066162,
1.3620824813842773,
1.4439566135406494,
1.504028081893921,
1.3880267143249512,
1.5130500793457031,
1.416062593460083,
1.5020496845245361,
1.4410080909729004,
1.5049958229064941,
1.4450092315673828,
1.5560128688812256,
1.463942050933838,
1.5132255554199219,
1.4620208740234375,
1.5041649341583252,
1.4500436782836914,
1.5040242671966553,
1.686021089553833,
1.5151472091674805,
1.4620726108551025,
1.5140337944030762,
1.4651010036468506,
1.5272412300109863,
1.4872009754180908,
1.3820595741271973,
1.414132833480835,
1.1680221557617188,
1.214792251586914,
1.4122989177703857,
1.3900725841522217,
1.2569952011108398,
1.4509425163269043,
1.109179973602295,
1.309995174407959,
1.3042840957641602,
1.2938547134399414,
1.1100800037384033,
1.2250328063964844,
1.2929351329803467,
0.903641939163208,
0.9548540115356445,
1.0399951934814453,
0.7336025238037109,
0.901627779006958,
0.8110063076019287,
0.926140308380127,
0.7356429100036621,
0.905085563659668,
0.8110125064849854,
0.9371473789215088,
0.7560849189758301,
0.8580381870269775,
0.7330307960510254,
0.7610721588134766,
0.5460159778594971,
1.0389893054962158,
1.0040154457092285,
0.5475080013275146,
0.450822114944458,
0.33510375022888184,
0.7042927742004395,
0.608374834060669,
0.753436803817749,
0.7863531112670898,
0.8995640277862549,
1.693721055984497,
1.4258170127868652,
1.5088894367218018,
1.4122698307037354,
1.4806504249572754,
1.4189989566802979,
1.4901480674743652,
1.4946515560150146,
1.3668899536132812,
1.3386220932006836,
1.4024131298065186,
1.4062128067016602,
1.2259705066680908,
1.3404483795166016,
1.3607392311096191,
1.3756446838378906,
1.2135448455810547,
1.338637351989746,
1.3927600383758545,
1.3690519332885742,
1.223663330078125,
1.2554593086242676,
1.2500147819519043,
0.922217607498169,
0.7438783645629883,
0.9044156074523926,
0.8724029064178467,
0.9524726867675781,
0.8284387588500977,
0.8979878425598145,
0.809821605682373,
0.8811438083648682,
0.6669938564300537,
0.7520763874053955,
0.6034111976623535,
1.0770652294158936,
0.8775885105133057,
0.8187875747680664,
0.9067835807800293,
0.7012512683868408,
0.784231424331665,
0.6958012580871582,
0.7730593681335449,
0.6960287094116211,
0.8080604076385498,
0.7275581359863281,
0.720695972442627,
0.8391003608703613,
0.8148865699768066,
1.5849547386169434,
1.9126842021942139,
1.4065430164337158,
1.6686773300170898,
1.4738740921020508,
1.5739896297454834,
1.5809321403503418,
1.568315029144287,
1.43910551071167,
1.546027421951294,
1.3868434429168701,
1.4900882244110107,
1.4135355949401855,
1.3691000938415527,
1.4025566577911377,
1.3925962448120117,
1.3643863201141357,
0.8508398532867432,
0.980496883392334,
0.7440319061279297,
0.8656835556030273,
0.4985995292663574,
0.8645846843719482,
0.551828145980835,
0.828650712966919,
Red Win
0.6810464859008789,
0.9170258045196533,
0.708385705947876,
1.454042911529541,
1.4347541332244873,
1.3464198112487793,
1.6862950325012207,
1.2360126972198486,
1.5725560188293457,
1.2476897239685059,
1.8691158294677734,
1.0057990550994873,
1.2449893951416016,
0.6650793552398682,
0.7790200710296631,
Red Win
0.645275354385376,
0.7918779850006104,
0.6582424640655518,
0.9385900497436523,
0.692885160446167,
1.4358222484588623,
1.4410231113433838,
1.3773469924926758,
1.477853536605835,
1.3142297267913818,
1.4850380420684814,
1.3152010440826416,
1.4814772605895996,
1.3146543502807617,
1.4839715957641602,
1.3100736141204834,
1.4780714511871338,
1.3035690784454346,
1.4475297927856445,
1.297290325164795,
1.4018208980560303,
1.30729079246521,
1.3946647644042969,
1.2760367393493652,
1.343545913696289,
1.0460116863250732,
1.1686699390411377,
1.241279125213623,
1.4007072448730469,
1.2380120754241943,
1.4760515689849854,
1.2491626739501953,
1.4261696338653564,
1.2539551258087158,
1.4325602054595947,
1.2487645149230957,
1.4141716957092285,
1.2516634464263916,
1.6454389095306396,
1.3614037036895752,
1.4267098903656006,
1.275803804397583,
1.5887794494628906,
1.2407429218292236,
1.4204583168029785,
1.2549865245819092,
1.4310331344604492,
1.2463316917419434,
1.445084810256958,
1.2635090351104736,
1.4248452186584473,
1.1010594367980957,
1.5386905670166016,
1.0282204151153564,
1.301398515701294,
0.720062255859375,
1.13331937789917,
Red Win
0.6392784118652344,
0.8002545833587646,
0.6490652561187744,
0.9148156642913818,
0.7058093547821045,
1.746657371520996,
1.4145514965057373,
1.3660202026367188,
1.4166862964630127,
1.5379228591918945,
1.4477894306182861,
1.689638376235962,
1.3990674018859863,
1.3711957931518555,
1.3978617191314697,
1.261303186416626,
1.3546319007873535,
1.2449703216552734,
1.4899237155914307,
1.1289787292480469,
1.2333316802978516,
0.9616260528564453,
1.0607197284698486,
0.8864214420318604,
1.2138195037841797,
1.4097940921783447,
1.58549165725708,
1.3955950736999512,
1.4871811866760254,
1.4571118354797363,
1.4705266952514648,
1.418816328048706,
1.49177885055542,
1.498969554901123,
1.5006537437438965,
1.6686937808990479,
1.5130841732025146,
1.5090911388397217,
1.5155892372131348,
1.7495999336242676,
1.6242866516113281,
1.4651098251342773,
1.3892085552215576,
1.4270029067993164,
1.2011222839355469,
1.206096887588501,
1.4000263214111328,
1.3789458274841309,
1.2810697555541992,
1.4300835132598877,
1.1886415481567383,
1.3019013404846191,
1.177919626235962,
1.2941114902496338,
1.1151750087738037,
1.2276103496551514,
1.3877367973327637,
1.0574727058410645,
0.956944465637207,
1.0255835056304932,
0.7783069610595703,
0.9064822196960449,
0.817124605178833,
0.9219818115234375,
0.7522599697113037,
0.9101114273071289,
0.8367116451263428,
0.9240455627441406,
0.7392239570617676,
0.9297573566436768,
0.731471061706543,
0.7572715282440186,
0.5505638122558594,
1.100944995880127,
0.9537181854248047,
0.6961164474487305,
0.7520596981048584,
0.7051129341125488,
0.7648396492004395,
0.6980905532836914,
0.7991337776184082,
0.7521095275878906,
0.7772252559661865,
1.0855669975280762,
0.7663192749023438,
1.5501351356506348,
1.4923038482666016,
1.4218435287475586,
1.5115330219268799,
1.8061237335205078,
1.488647222518921,
1.4180841445922852,
1.7629497051239014,
1.4357964992523193,
1.4845123291015625,
1.8083760738372803,
1.4932475090026855,
1.6792714595794678,
1.4909069538116455,
1.6558570861816406,
1.3989357948303223,
1.3981451988220215,
1.7149558067321777,
1.5602455139160156,
1.6019482612609863,
1.632293939590454,
1.419044017791748,
1.4966096878051758,
1.70223069190979,
1.5109953880310059,
1.4499969482421875,
1.5299205780029297,
1.4703960418701172,
1.5018794536590576,
1.7588896751403809,
1.5306804180145264,
1.4539802074432373,
1.6626527309417725,
1.4835445880889893,
1.7214512825012207,
1.661144733428955,
1.8276963233947754,
1.465684175491333,
1.5069963932037354,
1.8226244449615479,
1.6220195293426514,
1.5965619087219238,
1.3794944286346436,
1.708667278289795,
1.1378505229949951,
1.4268875122070312,
1.7940549850463867,
1.4146006107330322,
1.2570571899414062,
1.634019136428833,
1.1161344051361084,
1.2893133163452148,
1.0938878059387207,
1.4076130390167236,
1.1079909801483154,
1.363739013671875,
1.162369966506958,
0.9055709838867188,
0.8155875205993652,
1.047316312789917,
0.7370810508728027,
0.9177422523498535,
0.8120925426483154,
0.925438642501831,
0.7341127395629883,
0.9005646705627441,
0.8118560314178467,
0.9212112426757812,
0.8925037384033203,
0.8887038230895996,
0.7300324440002441,
0.7628731727600098,
0.5974481105804443,
1.0636577606201172,
1.2489070892333984,
0.6652452945709229,
0.7645053863525391,
0.5565087795257568,
0.8720526695251465,
0.7913050651550293,
0.7510900497436523,
0.9235584735870361,
0.8015823364257812,
1.437169075012207,
1.559041976928711,
1.475017786026001,
1.4977269172668457,
1.5089261531829834,
1.4238712787628174,
1.5129575729370117,
1.4142637252807617,
1.3700695037841797,
1.3718554973602295,
1.3756256103515625,
1.3419771194458008,
1.3490855693817139,
1.3669915199279785,
1.2119438648223877,
1.5520951747894287,
1.520024299621582,
1.5056071281433105,
1.295534610748291,
1.3797075748443604,
1.271528959274292,
0.9454514980316162,
0.7813668251037598,
0.9038305282592773,
0.8288977146148682,
0.9231693744659424,
0.7409896850585938,
1.0147833824157715,
1.0762510299682617,
1.0481359958648682,
0.7285192012786865,
0.9002499580383301,
0.7351601123809814,
0.7635819911956787,
0.5545153617858887,
1.0466763973236084,
0.9549667835235596,
0.7021002769470215,
0.7852895259857178,
0.7771477699279785,
0.7701354026794434,
0.8315269947052002,
0.7767198085784912,
1.4637017250061035,
1.4694535732269287,
1.4830467700958252,
1.4758763313293457,
1.5080339908599854,
1.799694299697876,
1.5199108123779297,
1.4625458717346191,
1.3910672664642334,
1.4160475730895996,
1.1428120136260986,
1.2140414714813232,
1.4080545902252197,
1.4004557132720947,
1.2398834228515625,
1.3238251209259033,
1.1015293598175049,
1.2848131656646729,
1.104008436203003,
1.294672966003418,
1.4451217651367188,
1.2162973880767822,
1.147447109222412,
0.8975977897644043,
0.8042690753936768,
0.9236230850219727,
0.9665610790252686,
1.039121150970459,
0.8139979839324951,
0.9250805377960205,
0.7360377311706543,
0.8972549438476562,
0.8105278015136719,
0.91880202293396,
0.7445931434631348,
0.8650312423706055,
0.7370243072509766,
0.7580814361572266,
0.5470623970031738,
1.0459396839141846,
1.214082956314087,
0.6342718601226807,
0.6763670444488525,
0.688732385635376,
0.8798010349273682,
0.6693029403686523,
0.8911027908325195,
0.707080602645874,
1.4278295040130615,
1.4325993061065674,
1.2438228130340576,
1.429053783416748,
1.538564920425415,
1.443830966949463,
1.2650227546691895,
1.4397282600402832,
1.0168251991271973,
1.2699024677276611,
0.6675302982330322,
0.7665965557098389,
Red Win
0.6921477317810059,
0.7101678848266602,
0.7039835453033447,
0.6340103149414062,
0.7950208187103271,
0.7850608825683594,
1.4552042484283447,
1.4580531120300293,
1.4740147590637207,
1.4430148601531982,
1.494978666305542,
1.4680452346801758,
1.48905348777771,
1.4500417709350586,
1.1273417472839355,
1.3114311695098877,
1.100477695465088,
1.3029680252075195,
1.1110267639160156,
1.2935388088226318,
1.225677251815796,
1.259169101715088,
1.3763861656188965,
0.9390227794647217,
0.9350666999816895,
0.9040908813476562,
0.9774904251098633,
0.9238278865814209,
0.7342228889465332,
0.8953597545623779,
0.814467191696167,
0.9326181411743164,
0.7419266700744629,
0.907707691192627,
0.8108751773834229,
1.0502376556396484,
0.7303147315979004,
0.8977856636047363,
0.8029820919036865,
0.8921256065368652,
0.7958743572235107,
0.9910173416137695,
0.60536789894104,
1.0782322883605957,
0.868847131729126,
0.6861367225646973,
0.8218281269073486,
0.6851670742034912,
0.8702447414398193,
0.7175037860870361,
1.4463732242584229,
1.6896626949310303,
1.304844617843628,
1.4811551570892334,
1.488565444946289,
1.5225915908813477,
1.4310810565948486,
1.4861485958099365,
1.3094849586486816,
1.6209259033203125,
1.316835880279541,
1.4865329265594482,
1.3077068328857422,
1.4403049945831299,
1.3039319515228271,
1.3990004062652588,
1.4331107139587402,
1.3974602222442627,
1.2675657272338867,
1.3348784446716309,
1.0483438968658447,
1.1701469421386719,
1.2418572902679443,
1.393995761871338,
1.639392375946045,
1.5094349384307861,
1.2380809783935547,
1.4209716320037842,
1.2698886394500732,
1.6715784072875977,
1.3710565567016602,
1.4282066822052002,
1.2552638053894043,
1.4252941608428955,
1.2506446838378906,
1.4956121444702148,
1.600656509399414,
1.4363880157470703,
1.263761043548584,
1.4343314170837402,
1.2482070922851562,
1.4660203456878662,
1.2449047565460205,
1.5213429927825928,
1.260061502456665,
1.4174528121948242,
1.0877406597137451,
1.4180123805999756,
1.0089681148529053,
1.4819059371948242,
0.728438138961792,
0.875669002532959,
Red Win
0.3640279769897461,
0.7031214237213135,
0.6632025241851807,
0.7071347236633301,
0.5704717636108398,
0.9614250659942627,
0.6400415897369385,
0.9509904384613037,
0.6204593181610107,
0.7526350021362305,
0.665647029876709,
0.7321383953094482,
0.7860851287841797,
0.8100922107696533,
1.4748528003692627,
1.533116102218628,
1.4668653011322021,
1.523308515548706,
1.7931663990020752,
1.4141461849212646,
1.5268948078155518,
1.4178402423858643,
1.3813788890838623,
1.3677599430084229,
1.215383529663086,
1.3399460315704346,
1.3595023155212402,
1.3771512508392334,
1.397155523300171,
1.3279380798339844,
1.3430864810943604,
1.3722846508026123,
1.2319657802581787,
1.3323335647583008,
1.3641934394836426,
0.9275774955749512,
0.7363755702972412,
0.8918006420135498,
0.8070943355560303,
1.1655516624450684,
0.7370212078094482,
0.9009900093078613,
0.8275320529937744,
0.9274053573608398,
0.7330315113067627,
0.8629999160766602,
0.7244200706481934,
0.7598764896392822,
0.5495281219482422,
1.0390946865081787,
0.9588682651519775,
0.6672420501708984,
0.7459752559661865,
0.6654722690582275,
0.9207086563110352,
0.8028111457824707,
1.3300185203552246,
1.4891016483306885,
1.3485283851623535,
1.4890835285186768,
1.3413739204406738,
1.479938268661499,
1.339470386505127,
1.685861349105835,
1.3205530643463135,
1.4801092147827148,
1.4374091625213623,
1.7163536548614502,
1.329948902130127,
1.5996062755584717,
1.4474971294403076,
1.4338726997375488,
1.2970621585845947,
1.3408396244049072,
1.283778429031372,
1.4125425815582275,
1.3237223625183105,
1.575866460800171,
1.2845911979675293,
1.3947803974151611,
1.3850288391113281,
1.4872584342956543,
1.310910701751709,
1.3891639709472656,
1.420807123184204,
1.4103589057922363,
1.3333358764648438,
1.3870580196380615,
1.3333783149719238,
1.383997917175293,
1.3249969482421875,
1.3987600803375244,
1.3740475177764893,
1.5773584842681885,
1.5180165767669678,
1.380354404449463,
1.238835334777832,
1.3388993740081787,
1.2922663688659668,
1.3435885906219482,
1.4558863639831543,
1.308659315109253,
1.1530041694641113,
1.2664356231689453,
