0.02202010154724121,0.0229339599609375,0.024914026260375977,0.022917747497558594,0.03791689872741699,0.03091716766357422,0.03890228271484375,0.0339052677154541,0.040862083435058594,0.035903215408325195,0.03892683982849121,0.03294253349304199,0.03987240791320801,0.03390645980834961,0.0408937931060791,0.031934261322021484,0.038875579833984375,0.032912254333496094,0.035930633544921875,0.02495551109313965,Blue Win
0.020971059799194336,0.020943880081176758,0.020940303802490234,0.02096867561340332,0.02396392822265625,0.021933317184448242,0.0388951301574707,0.03288984298706055,0.03992438316345215,0.0359036922454834,0.03990030288696289,0.03687429428100586,0.03987240791320801,0.03588366508483887,0.03892254829406738,0.036913394927978516,0.03789854049682617,0.03593611717224121,0.03986406326293945,0.03589034080505371,0.03789782524108887,0.03687405586242676,0.03191733360290527,0.037919044494628906,0.03593134880065918,0.03989982604980469,0.035902976989746094,0.039869070053100586,0.034937381744384766,0.03890252113342285,0.03193998336791992,0.03989982604980469,0.030916452407836914,0.03887534141540527,0.03194236755371094,0.03687167167663574,0.02692723274230957,Red Win
0.021941661834716797,0.021948575973510742,0.020923614501953125,0.02192091941833496,0.021969318389892578,0.027909040451049805,0.02342534065246582,0.02194070816040039,0.038916587829589844,0.034934043884277344,0.03893256187438965,0.031914710998535156,0.03892803192138672,0.03189444541931152,0.03884243965148926,0.03193783760070801,0.038895606994628906,0.03191781044006348,0.03538990020751953,0.02493143081665039,Blue Win
0.022966623306274414,0.02394247055053711,0.021952390670776367,0.03890705108642578,0.03188729286193848,0.03992104530334473,0.03188490867614746,0.03892397880554199,0.030924558639526367,0.03990030288696289,0.031914472579956055,0.03887581825256348,0.034900665283203125,0.03688168525695801,0.029919862747192383,Red Win
0.021970272064208984,0.022928953170776367,0.0219271183013916,0.02192068099975586,0.028896570205688477,0.020972013473510742,0.021959781646728516,0.02091526985168457,0.021914005279541016,0.020954608917236328,0.024925947189331055,0.021944522857666016,0.03889870643615723,0.04485368728637695,0.03889632225036621,0.03189420700073242,0.03986549377441406,0.03291893005371094,0.03887510299682617,0.031942129135131836,0.03887534141540527,0.03390669822692871,0.035935401916503906,0.024913549423217773,Blue Win
0.02196192741394043,0.02196192741394043,0.02194070816040039,0.021921157836914062,0.021954059600830078,0.021968841552734375,0.021921157836914062,0.021913766860961914,0.02192068099975586,0.023946523666381836,0.02194070816040039,0.03887534141540527,0.03293180465698242,0.03990054130554199,0.0368809700012207,0.03990006446838379,0.0359339714050293,0.038927316665649414,0.03590846061706543,0.03890705108642578,0.03590583801269531,0.03987264633178711,0.03591156005859375,0.03990530967712402,0.03592872619628906,0.039862632751464844,0.03690314292907715,0.03787112236022949,0.0369112491607666,0.03290557861328125,0.03792881965637207,0.034911394119262695,0.036911725997924805,0.034937381744384766,0.03690314292907715,0.03590655326843262,0.03787112236022949,0.032915592193603516,0.03587627410888672,0.024932861328125,Blue Win
0.02196812629699707,0.021492481231689453,0.021977901458740234,0.02192091941833496,0.021921157836914062,0.024912595748901367,0.021968603134155273,0.037926435470581055,0.030896902084350586,0.03889131546020508,0.032907962799072266,0.03987312316894531,0.03492283821105957,0.0398716926574707,0.03339552879333496,0.04040670394897461,0.03286933898925781,0.03892397880554199,0.03191685676574707,0.03992033004760742,0.03289175033569336,0.03639674186706543,0.026907682418823242,Red Win
0.021968603134155273,0.02194070816040039,0.02194356918334961,0.021949291229248047,0.021968603134155273,0.023916006088256836,0.022938251495361328,0.03786826133728027,0.03393197059631348,0.04089212417602539,0.03690934181213379,0.039865970611572266,0.03593182563781738,0.038875579833984375,0.03687405586242676,0.038875579833984375,0.03588366508483887,0.03987312316894531,0.03592395782470703,0.040863037109375,0.03690052032470703,0.03989601135253906,0.03587651252746582,0.03789019584655762,0.036895036697387695,0.032889366149902344,0.03692150115966797,0.03490781784057617,0.037925004959106445,0.03487968444824219,0.037924766540527344,0.034876108169555664,0.03589749336242676,0.03289079666137695,0.03591465950012207,0.024944543838500977,Blue Win
0.024904251098632812,0.022945880889892578,0.03890347480773926,0.03289222717285156,0.03987288475036621,0.034932613372802734,0.04089045524597168,0.03289151191711426,0.038926124572753906,0.032938241958618164,0.03890275955200195,0.03191423416137695,0.035901546478271484,0.024913549423217773,Blue Win
0.021968841552734375,0.02192091941833496,0.02191615104675293,0.021944284439086914,0.021920442581176758,0.02390742301940918,0.02194952964782715,0.03789925575256348,0.030947208404541016,0.03886842727661133,0.03288459777832031,0.039893150329589844,0.03495144844055176,0.04043149948120117,0.03194570541381836,0.03990006446838379,0.031922340393066406,0.03995823860168457,0.03293943405151367,0.03989911079406738,0.03291177749633789,0.0359036922454834,0.026953697204589844,Red Win
