0.8276832103729248,0.8274431228637695,0.9365143775939941,0.902259111404419,1.5908308029174805,1.578913688659668,1.5685489177703857,1.6537203788757324,1.6743333339691162,1.6473665237426758,1.6475372314453125,1.5667128562927246,1.5763845443725586,1.6022582054138184,1.6224043369293213,1.5656931400299072,1.6429245471954346,1.724294900894165,1.7200331687927246,1.5830106735229492,1.565831184387207,1.469602346420288,1.0892994403839111,1.1401972770690918,1.1391680240631104,1.126188039779663,1.0921046733856201,1.0557870864868164,1.0117475986480713,Red Win
0.46082162857055664,0.7857494354248047,0.8756434917449951,0.8747859001159668,1.6112637519836426,1.4020459651947021,2.0740816593170166,1.4297144412994385,1.7974185943603516,1.479600191116333,1.7036736011505127,1.4710650444030762,1.6550328731536865,1.4401202201843262,1.623295545578003,1.3717525005340576,1.6301097869873047,1.4356756210327148,1.5871508121490479,1.3397557735443115,1.6525671482086182,1.380962610244751,1.6679871082305908,1.2824630737304688,1.5828418731689453,1.0536909103393555,1.0017948150634766,0.8980863094329834,0.9188528060913086,0.9375569820404053,1.020164966583252,0.9895343780517578,0.9922144412994385,0.9232537746429443,0.9150750637054443,0.9035677909851074,0.956974983215332,0.757622480392456,0.6748337745666504,1.032958745956421,1.0980134010314941,0.7966372966766357,0.7923502922058105,0.7882542610168457,0.7860019207000732,0.7856957912445068,0.8276171684265137,0.8002445697784424,0.9240114688873291,0.8597724437713623,1.600428819656372,1.4591426849365234,1.901090145111084,1.5505621433258057,1.661121129989624,1.5625734329223633,1.794243335723877,1.5661990642547607,1.6846041679382324,1.5459301471710205,1.7021183967590332,1.4080135822296143,1.5609467029571533,1.3032581806182861,Red Win
0.8777961730957031,1.588191270828247,1.5598280429840088,1.7765822410583496,1.544102430343628,1.878361463546753,1.7246208190917969,1.8659906387329102,1.4920079708099365,1.5985586643218994,1.525132179260254,1.774991750717163,1.3723692893981934,1.358713150024414,1.1601123809814453,Red Win
0.409618616104126,0.8008730411529541,0.7699124813079834,1.007378101348877,0.771193265914917,0.8273303508758545,0.8123581409454346,0.8209831714630127,0.8520834445953369,1.1419627666473389,0.9294898509979248,1.8176851272583008,1.4598591327667236,1.6398303508758545,1.8624069690704346,1.7842190265655518,1.6963677406311035,2.122642755508423,1.6700193881988525,1.7196497917175293,1.7286114692687988,1.5737731456756592,1.1083621978759766,Red Win
0.7225723266601562,0.7978861331939697,1.0069308280944824,0.9748890399932861,1.7065825462341309,1.5944995880126953,1.7762548923492432,1.6580264568328857,1.6403958797454834,1.6461310386657715,1.696120023727417,1.7734076976776123,1.5520505905151367,1.3080267906188965,1.5706183910369873,1.7043981552124023,1.695042371749878,1.4243743419647217,1.6784791946411133,1.2621080875396729,1.4739577770233154,Blue Win
0.9217636585235596,0.9169769287109375,0.9082837104797363,0.9199039936065674,0.9449307918548584,0.9155819416046143,0.8977165222167969,0.9214508533477783,1.0492420196533203,0.927584171295166,0.9606654644012451,1.0412185192108154,1.0087065696716309,0.9036107063293457,0.890143632888794,0.9010486602783203,0.9570386409759521,0.8220417499542236,0.7369682788848877,0.6811008453369141,1.0690605640411377,1.1419129371643066,Blue Win0.7268505096435547,0.7481122016906738,0.9243719577789307,1.0414423942565918,0.8753552436828613,1.6964805126190186,1.565854787826538,1.6629395484924316,1.5045099258422852,1.7131340503692627,1.5610740184783936,1.7873492240905762,1.580819845199585,1.7939715385437012,1.6453509330749512,1.435837745666504,1.1380970478057861,Red Win
0.8337955474853516,0.8468632698059082,1.0315630435943604,0.9853634834289551,1.7402076721191406,1.714669942855835,1.6220521926879883,1.747429609298706,1.7680141925811768,1.7252135276794434,1.6369013786315918,1.6253271102905273,1.7247841358184814,1.8794188499450684,1.7825069427490234,1.5776808261871338,1.6908111572265625,1.6499266624450684,1.7495701313018799,1.8004345893859863,1.8271491527557373,1.615363359451294,1.1100285053253174,1.1291520595550537,1.2448482513427734,1.2685089111328125,1.0649259090423584,1.226048469543457,1.1414594650268555,Red Win
0.8072366714477539,0.8074352741241455,0.8282544612884521,0.8530282974243164,0.8342282772064209,0.8038778305053711,0.8840692043304443,0.8953330516815186,1.0262451171875,0.8956012725830078,1.6399586200714111,1.6965301036834717,1.8097336292266846,1.5273005962371826,1.8643662929534912,1.6390361785888672,1.7405109405517578,1.4708926677703857,1.7641260623931885,1.48409104347229,1.7386493682861328,1.3547453880310059,1.6180212497711182,1.3730099201202393,1.6338260173797607,1.5852336883544922,1.7237944602966309,1.3791663646697998,1.598769187927246,1.2622230052947998,1.4630262851715088,Blue Win
0.964012622833252,1.04421067237854,1.0999715328216553,0.9759788513183594,1.044111728668213,1.087951421737671,0.9458210468292236,0.917539119720459,0.9229722023010254,0.9029910564422607,0.8650867938995361,0.8492608070373535,0.8761672973632812,0.6967170238494873,1.1493103504180908,1.1378028392791748,Blue Win
0.787492036819458,0.8555545806884766,0.92264723777771,1.0260372161865234,0.9795737266540527,1.7365179061889648,1.6343066692352295,1.7534980773925781,1.6572155952453613,1.9627065658569336,1.7433316707611084,1.630927562713623,1.6670615673065186,1.5751655101776123,1.6881427764892578,1.833888292312622,1.6613245010375977,1.4477474689483643,1.2864315509796143,Red Win
