0.022938013076782227,
0.039873361587524414,
0.03291201591491699,
0.038893938064575195,
0.03190732002258301,
0.03992509841918945,
0.036893606185913086,
0.03989243507385254,
0.03786873817443848,
0.04089021682739258,
0.03789854049682617,
0.040888309478759766,
0.03690028190612793,
0.03989291191101074,
0.03689384460449219,
0.040897369384765625,
0.035923004150390625,
0.04087066650390625,
0.03690147399902344,
0.038918495178222656,
0.03887629508972168,
0.03987312316894531,
0.03887820243835449,
0.037885427474975586,
0.04087114334106445,
0.03194141387939453,
0.04685544967651367,
0.03490948677062988,
0.03792738914489746,
0.034926652908325195,
0.03890419006347656,
0.034934282302856445,
0.04488086700439453,
0.03191494941711426,
0.03687286376953125,
0.024940967559814453,
