0.015987634658813477,
0.00997161865234375,
0.014940500259399414,
0.021950721740722656,
0.02195262908935547,
0.021947145462036133,
0.021921396255493164,
0.02192091941833496,
0.021945476531982422,
0.021941423416137695,
0.02393651008605957,
0.021941423416137695,
0.0388951301574707,
0.03334808349609375,
0.039914846420288086,
0.03690171241760254,
0.03991985321044922,
0.036379098892211914,
0.03992033004760742,
0.03593564033508301,
0.03886842727661133,
0.03587627410888672,
0.038867950439453125,
0.03490591049194336,
0.03792548179626465,
0.03687310218811035,
0.037870168685913086,
0.03692746162414551,
0.03194284439086914,
0.03790020942687988,
0.03693127632141113,
0.03792524337768555,
0.035776615142822266,
0.038927555084228516,
0.035127878189086914,
0.0399012565612793,
0.03193473815917969,
0.03892707824707031,
0.03092360496520996,
0.03886842727661133,
0.03189420700073242,
0.03593277931213379,
0.025934219360351562,
Red Win
0.014966726303100586,
0.021912336349487305,
0.020971059799194336,
0.02093648910522461,
0.02092742919921875,
0.02193140983581543,
0.023909330368041992,
0.021933317184448242,
0.038921356201171875,
0.03493833541870117,
0.04091668128967285,
0.03287863731384277,
0.0389246940612793,
0.032896995544433594,
0.03986620903015137,
0.031920671463012695,
0.03890228271484375,
0.03191423416137695,
0.03490614891052246,
0.024942636489868164,
Blue Win
0.02194809913635254,
0.020951271057128906,
0.021941423416137695,
0.020968914031982422,
0.020953893661499023,
0.022908926010131836,
0.021940946578979492,
0.03786635398864746,
0.030921220779418945,
0.039890289306640625,
0.03587627410888672,
0.037868499755859375,
0.03589677810668945,
0.03889608383178711,
0.03591132164001465,
0.03789687156677246,
0.035883426666259766,
0.03889799118041992,
0.035907745361328125,
0.03989291191101074,
0.03587532043457031,
0.038886070251464844,
0.03493547439575195,
0.03892254829406738,
0.03587651252746582,
0.03692221641540527,
0.035883426666259766,
0.03191876411437988,
0.03590273857116699,
0.03388857841491699,
0.03690147399902344,
0.03392982482910156,
0.03693199157714844,
0.03487896919250488,
0.035910606384277344,
0.03188657760620117,
0.0349116325378418,
0.023955821990966797,
Blue Win
0.0219423770904541,
0.028899669647216797,
0.020916461944580078,
0.020943403244018555,
0.022942543029785156,
0.021942615509033203,
0.03787875175476074,
0.03193497657775879,
0.03887510299682617,
0.034932851791381836,
0.04488110542297363,
0.032920122146606445,
0.038923025131225586,
0.032909393310546875,
0.03890657424926758,
0.03291916847229004,
0.03593707084655762,
0.03488588333129883,
0.03490710258483887,
0.025957107543945312,
Blue Win
0.0159299373626709,
0.014957904815673828,
0.02191329002380371,
0.021941423416137695,
0.021967172622680664,
0.021948814392089844,
0.021913766860961914,
0.021914243698120117,
0.021912336349487305,
0.02197265625,
0.02390766143798828,
0.020944595336914062,
0.03886842727661133,
0.03491330146789551,
0.03889656066894531,
0.03289198875427246,
0.039865732192993164,
0.031907081604003906,
0.038903236389160156,
0.03289151191711426,
0.038895606994628906,
0.03190350532531738,
0.03587651252746582,
0.024905920028686523,
Blue Win
0.014957904815673828,
0.02095484733581543,
0.020943403244018555,
0.02094292640686035,
0.021947622299194336,
0.020951509475708008,
0.021949052810668945,
0.021949052810668945,
0.021941661834716797,
0.023964881896972656,
0.02194666862487793,
0.038875579833984375,
0.034877777099609375,
0.038925886154174805,
0.03291440010070801,
0.03987908363342285,
0.032912492752075195,
0.0389256477355957,
0.03188681602478027,
0.03887534141540527,
0.03191423416137695,
0.03587627410888672,
0.02491307258605957,
Red Win
0.015960216522216797,
0.014984607696533203,
0.021920442581176758,
0.021952152252197266,
0.021970748901367188,
0.02196788787841797,
0.02196788787841797,
0.021957874298095703,
0.02194356918334961,
0.021960735321044922,
0.023936986923217773,
0.02191948890686035,
0.03890180587768555,
0.03291201591491699,
0.039925336837768555,
0.036596059799194336,
0.03890061378479004,
0.03588366508483887,
0.03889656066894531,
0.035903215408325195,
0.03895854949951172,
0.03720664978027344,
0.03989601135253906,
0.03593134880065918,
0.03886842727661133,
0.03545188903808594,
0.03790402412414551,
0.03730487823486328,
0.032891273498535156,
0.03887438774108887,
0.03588390350341797,
0.04189729690551758,
0.035933494567871094,
0.03887486457824707,
0.03488636016845703,
0.039899587631225586,
0.031922101974487305,
0.03890371322631836,
0.03247261047363281,
0.040863037109375,
0.03294062614440918,
0.038875579833984375,
0.025902509689331055,
Red Win
0.02194380760192871,
0.02199721336364746,
0.021998167037963867,
0.023908138275146484,
0.024877071380615234,
0.03886842727661133,
0.03188657760620117,
0.038902997970581055,
0.03491091728210449,
0.03889131546020508,
0.0329434871673584,
0.03892660140991211,
0.03346824645996094,
0.03889822959899902,
0.033883094787597656,
0.0359034538269043,
0.024960994720458984,
Red Win
0.021523475646972656,
0.021919965744018555,
0.020914077758789062,
0.020946264266967773,
0.020923376083374023,
0.021913528442382812,
0.02192401885986328,
0.020916461944580078,
0.023949146270751953,
0.021952390670776367,
0.03889870643615723,
0.03487372398376465,
0.03995490074157715,
0.03291940689086914,
0.03887534141540527,
0.0329434871673584,
0.03887581825256348,
0.03290247917175293,
0.038895606994628906,
0.03288435935974121,
0.03547406196594238,
0.03690171241760254,
Blue Win
0.016983747482299805,
0.02192091941833496,
0.021942138671875,
0.021920204162597656,
0.021948575973510742,
0.021947622299194336,
0.021913766860961914,
0.02396225929260254,
0.021921157836914062,
0.02194833755493164,
0.023927688598632812,
0.021933317184448242,
0.0379030704498291,
0.03291916847229004,
0.0399174690246582,
0.03687620162963867,
0.03989386558532715,
0.03592371940612793,
0.03890275955200195,
0.035910844802856445,
0.03986525535583496,
0.036873579025268555,
0.03987288475036621,
0.0359041690826416,
0.03886842727661133,
0.036908864974975586,
0.03789830207824707,
0.03690385818481445,
0.031891584396362305,
0.03886842727661133,
0.03590989112854004,
0.03889107704162598,
0.03587651252746582,
0.039865732192993164,
0.03394126892089844,
0.0400242805480957,
0.031887054443359375,
0.03889656066894531,
0.03291893005371094,
0.038897037506103516,
0.03289175033569336,
0.036461591720581055,
0.02695608139038086,
Red Win
0.014962434768676758,
0.020913124084472656,
0.02192091941833496,
0.02194499969482422,
0.021940946578979492,
0.02192091941833496,
0.0219423770904541,
0.0229494571685791,
0.021967172622680664,
0.023907899856567383,
0.021941184997558594,
0.039920806884765625,
0.032909393310546875,
0.040897369384765625,
0.036928415298461914,
0.03989982604980469,
0.036928653717041016,
0.039865732192993164,
0.03687095642089844,
0.039900779724121094,
0.035903215408325195,
0.03886866569519043,
0.0368809700012207,
0.038898468017578125,
0.03787398338317871,
0.03889632225036621,
0.0368809700012207,
0.037877559661865234,
0.035842180252075195,
0.04288053512573242,
0.03690075874328613,
0.03491353988647461,
0.03687906265258789,
0.033908843994140625,
0.03738522529602051,
0.03488636016845703,
0.0359039306640625,
0.03189444541931152,
0.03589630126953125,
0.0249326229095459,
Blue Win
0.021918058395385742,
0.021944761276245117,
0.023914813995361328,
0.021948575973510742,
0.03789877891540527,
0.030926942825317383,
0.03990530967712402,
0.030924558639526367,
0.039916038513183594,
0.03587627410888672,
0.037924766540527344,
0.0368952751159668,
0.038923025131225586,
0.0359041690826416,
0.03990006446838379,
0.03692889213562012,
0.03989362716674805,
0.03592348098754883,
0.03892397880554199,
0.03591513633728027,
0.03889322280883789,
0.035875558853149414,
0.03789067268371582,
0.0358736515045166,
0.03690147399902344,
0.0379030704498291,
0.03194427490234375,
0.03887605667114258,
0.034912109375,
0.03792834281921387,
0.03493356704711914,
0.037897586822509766,
0.03488588333129883,
0.03890228271484375,
0.03194093704223633,
0.03892660140991211,
0.03191256523132324,
0.03787684440612793,
0.03092646598815918,
0.03591156005859375,
0.026900768280029297,
Red Win
0.020943403244018555,
0.015960693359375,
0.01396632194519043,
0.021913766860961914,
0.0219724178314209,
0.021944284439086914,
0.021946430206298828,
0.021968603134155273,
0.0249330997467041,
0.021948575973510742,
0.038895368576049805,
0.03291201591491699,
0.038930416107177734,
0.03288459777832031,
0.03889298439025879,
0.03189373016357422,
0.03790426254272461,
0.03291201591491699,
0.03892207145690918,
0.031894683837890625,
0.034937143325805664,
0.024905920028686523,
Blue Win
0.020970821380615234,
0.02194809913635254,
0.021947860717773438,
0.02193427085876465,
0.021913528442382812,
0.02196526527404785,
0.02194499969482422,
0.02396416664123535,
0.021940946578979492,
0.03792595863342285,
0.030896663665771484,
0.05283975601196289,
0.03593778610229492,
0.03992486000061035,
0.03588056564331055,
0.03986549377441406,
0.035883426666259766,
0.03991961479187012,
0.03589677810668945,
0.03888893127441406,
0.035883188247680664,
0.03889584541320801,
0.0359039306640625,
0.03890347480773926,
0.0368807315826416,
0.03887510299682617,
0.03591752052307129,
0.037877559661865234,
0.03590989112854004,
0.03190755844116211,
0.03590583801269531,
0.03390622138977051,
0.03690791130065918,
0.033908843994140625,
0.03687238693237305,
0.03490710258483887,
0.03690361976623535,
0.031914472579956055,
0.03493785858154297,
0.024939775466918945,
Blue Win
0.021921634674072266,
0.020975589752197266,
0.021915674209594727,
0.023941755294799805,
0.021913528442382812,
0.03887581825256348,
0.031942129135131836,
0.03886890411376953,
0.0319216251373291,
0.041858673095703125,
0.0319371223449707,
0.03990006446838379,
0.031914710998535156,
0.039901018142700195,
0.03188967704772949,
0.036881208419799805,
0.025938987731933594,
Red Win
0.021968841552734375,
0.021974802017211914,
0.021914243698120117,
0.02192068099975586,
0.020915985107421875,
0.021920204162597656,
0.0249326229095459,
0.021914243698120117,
0.03789854049682617,
0.030896425247192383,
0.03992509841918945,
0.035883426666259766,
0.038922786712646484,
0.03691291809082031,
0.03987288475036621,
0.03690481185913086,
0.03989982604980469,
0.03690528869628906,
0.039920806884765625,
0.036910295486450195,
0.038903236389160156,
0.03693222999572754,
0.03889608383178711,
0.0368804931640625,
0.03792524337768555,
0.03789544105529785,
0.03288459777832031,
0.037925004959106445,
0.03588366508483887,
0.03887534141540527,
0.03587150573730469,
0.038890838623046875,
0.034906625747680664,
0.03890347480773926,
0.032910823822021484,
0.039893150329589844,
0.03291964530944824,
0.038919925689697266,
0.03194141387939453,
0.035883188247680664,
0.025924205780029297,
Red Win
0.021968603134155273,
0.022938013076782227,
0.021960973739624023,
0.03791475296020508,
0.031941890716552734,
0.03888964653015137,
0.035930633544921875,
0.03792119026184082,
0.03491377830505371,
0.03887534141540527,
0.034906625747680664,
0.03789877891540527,
0.035903215408325195,
0.039893150329589844,
0.036901235580444336,
0.03889966011047363,
0.035883426666259766,
0.03887534141540527,
0.03588294982910156,
0.03690147399902344,
0.036908626556396484,
0.03291130065917969,
0.03690147399902344,
0.03392982482910156,
0.03691244125366211,
0.03391242027282715,
0.03690814971923828,
0.03491377830505371,
0.03690958023071289,
0.031914472579956055,
0.03503751754760742,
0.024959564208984375,
Blue Win
0.011001825332641602,
0.02094888687133789,
0.02194070816040039,
0.020917415618896484,
0.020970582962036133,
0.020943403244018555,
0.023911237716674805,
0.02194809913635254,
0.0399017333984375,
0.030894994735717773,
0.038919925689697266,
0.041861534118652344,
0.03991556167602539,
0.03490924835205078,
0.03986477851867676,
0.03289175033569336,
0.03892374038696289,
0.03194141387939453,
0.04086637496948242,
0.03288555145263672,
0.0388944149017334,
0.0328826904296875,
0.03593301773071289,
0.02494192123413086,
Blue Win
0.02191162109375,
0.020916223526000977,
0.020917177200317383,
0.0209503173828125,
0.020943880081176758,
0.02091670036315918,
0.020943641662597656,
0.0209500789642334,
0.023962974548339844,
0.021913528442382812,
0.03789877891540527,
0.032938480377197266,
0.038925886154174805,
0.0359346866607666,
0.038902997970581055,
0.03591108322143555,
0.038895606994628906,
0.03492856025695801,
0.038923025131225586,
0.03588390350341797,
0.03887510299682617,
0.035883426666259766,
0.03887605667114258,
0.03593754768371582,
0.03691387176513672,
0.036916255950927734,
0.03144335746765137,
0.03890657424926758,
0.03491568565368652,
0.0374910831451416,
0.03588390350341797,
0.0389859676361084,
0.0338892936706543,
0.038907766342163086,
0.04286670684814453,
0.03887510299682617,
0.03189444541931152,
0.03887605667114258,
0.03190326690673828,
0.034906625747680664,
0.026459455490112305,
Red Win
0.021949052810668945,
0.021941423416137695,
0.021944522857666016,
0.02194046974182129,
0.021946430206298828,
0.021960020065307617,
0.021921157836914062,
0.02191162109375,
0.0229189395904541,
0.0219419002532959,
0.03890061378479004,
0.03390765190124512,
0.03886890411376953,
0.03191661834716797,
0.03886771202087402,
0.03293776512145996,
0.03886890411376953,
0.031940460205078125,
0.03887581825256348,
0.03293800354003906,
0.035936594009399414,
0.02496051788330078,
Blue Win
0.021940946578979492,
0.020977020263671875,
0.023908615112304688,
0.021912574768066406,
0.0378718376159668,
0.032938241958618164,
0.039919137954711914,
0.03590750694274902,
0.038892507553100586,
0.03587651252746582,
0.03888821601867676,
0.04884004592895508,
0.03989410400390625,
0.03589653968811035,
0.0388948917388916,
0.03687429428100586,
0.03889632225036621,
0.03592967987060547,
0.037871360778808594,
0.03687334060668945,
0.03291153907775879,
0.03850698471069336,
0.03593182563781738,
0.03889751434326172,
0.03588390350341797,
0.04188871383666992,
0.034932613372802734,
0.040869951248168945,
0.031940460205078125,
0.0388948917388916,
0.03192543983459473,
0.03987288475036621,
0.03289055824279785,
0.03592991828918457,
0.02593064308166504,
Red Win
0.02192068099975586,
0.020946502685546875,
0.02194070816040039,
0.027925729751586914,
0.021942138671875,
0.023915529251098633,
0.02291131019592285,
0.037871360778808594,
0.03194141387939453,
0.03890275955200195,
0.0368809700012207,
0.03890371322631836,
0.0368804931640625,
0.03987240791320801,
0.036930084228515625,
0.0388948917388916,
0.03687429428100586,
0.03987288475036621,
0.03689432144165039,
0.03990054130554199,
0.03692364692687988,
0.038956403732299805,
0.03588390350341797,
0.039942026138305664,
0.035913944244384766,
0.036873817443847656,
0.03591108322143555,
0.03189444541931152,
0.0369415283203125,
0.03393054008483887,
0.03632044792175293,
0.03390908241271973,
0.036931514739990234,
0.03487586975097656,
0.0388951301574707,
0.032911062240600586,
0.03490591049194336,
0.02396249771118164,
Blue Win
0.023928403854370117,
0.02196955680847168,
0.037895917892456055,
0.030916929244995117,
0.038924455642700195,
0.0309295654296875,
0.03889584541320801,
0.03091716766357422,
0.03886818885803223,
0.03188467025756836,
0.03890109062194824,
0.031914710998535156,
0.0359039306640625,
0.024905681610107422,
Blue Win
0.02099156379699707,
0.02692699432373047,
0.021921634674072266,
0.038875579833984375,
0.03490304946899414,
0.039893388748168945,
0.03291821479797363,
0.03890538215637207,
0.0319218635559082,
0.0408627986907959,
0.03194451332092285,
0.04385566711425781,
0.0319218635559082,
0.036928653717041016,
0.026900053024291992,
Red Win
0.02396368980407715,
0.021921157836914062,
0.021967649459838867,
0.020975589752197266,
0.02095174789428711,
0.02192068099975586,
0.023942232131958008,
0.021948814392089844,
0.039893388748168945,
0.03190779685974121,
0.038904666900634766,
0.030923843383789062,
0.03892183303833008,
0.03191494941711426,
0.03887605667114258,
0.030943870544433594,
0.03889012336730957,
0.032914161682128906,
0.03591036796569824,
0.02590322494506836,
Blue Win
0.022965431213378906,
0.02194809913635254,
0.02192068099975586,
0.022933483123779297,
0.021959781646728516,
0.03886842727661133,
0.031925201416015625,
0.03892660140991211,
0.03291630744934082,
0.03989720344543457,
0.0339508056640625,
0.04091954231262207,
0.032884836196899414,
0.03888297080993652,
0.034879207611083984,
0.035901546478271484,
0.025922775268554688,
Red Win
0.021941423416137695,
0.021947860717773438,
0.021940946578979492,
0.021920204162597656,
0.021967411041259766,
0.02097010612487793,
0.02293872833251953,
0.021914005279541016,
0.02396082878112793,
0.021971702575683594,
0.03890037536621094,
0.03491616249084473,
0.0408627986907959,
0.03493356704711914,
0.0408625602722168,
0.032440185546875,
0.04188227653503418,
0.034934043884277344,
0.03886604309082031,
0.03291487693786621,
0.038918495178222656,
0.025960683822631836,
Blue Win
0.02390575408935547,
0.021971464157104492,
0.022943735122680664,
0.024905681610107422,
0.023940563201904297,
0.038465023040771484,
0.03229951858520508,
0.03790116310119629,
0.04086446762084961,
0.039888620376586914,
0.03588366508483887,
0.04000711441040039,
0.03690505027770996,
0.038903236389160156,
0.0368809700012207,
0.038875579833984375,
0.0368800163269043,
0.03986406326293945,
0.036873579025268555,
0.039888858795166016,
0.03591132164001465,
0.03889775276184082,
0.0359036922454834,
0.038900136947631836,
0.03588366508483887,
0.038902997970581055,
0.036905527114868164,
0.0368807315826416,
0.036928415298461914,
0.031894683837890625,
0.03787112236022949,
0.03393673896789551,
0.038875579833984375,
0.03488636016845703,
0.03690147399902344,
0.03590106964111328,
0.036910057067871094,
0.03192496299743652,
0.0359036922454834,
0.025934696197509766,
Blue Win
0.022918701171875,
0.020943641662597656,
0.02291107177734375,
0.021951913833618164,
0.023963212966918945,
0.02291107177734375,
0.03689718246459961,
0.030926227569580078,
0.038895606994628906,
0.03292131423950195,
0.039872169494628906,
0.03490567207336426,
0.03992128372192383,
0.03690171241760254,
0.05083775520324707,
0.03192138671875,
0.040863037109375,
0.032906532287597656,
0.03991389274597168,
0.031922340393066406,
0.03590798377990723,
0.024964332580566406,
Blue Win
0.02196502685546875,
0.02193927764892578,
0.021921396255493164,
0.020919322967529297,
0.02094888687133789,
0.02197265625,
0.021943092346191406,
0.0229189395904541,
0.02193164825439453,
0.039865732192993164,
0.03191423416137695,
0.03944087028503418,
0.03693056106567383,
0.03890275955200195,
0.035883426666259766,
0.038907766342163086,
0.03588271141052246,
0.03893852233886719,
0.037871360778808594,
0.03887534141540527,
0.036928415298461914,
0.038875579833984375,
0.037894487380981445,
0.03892254829406738,
0.03591108322143555,
0.0388946533203125,
0.0359034538269043,
0.03192019462585449,
0.035912275314331055,
0.033889055252075195,
0.03687119483947754,
0.033888816833496094,
0.04089045524597168,
0.03488636016845703,
0.035910606384277344,
0.03390216827392578,
0.03488636016845703,
0.02491283416748047,
Blue Win
0.022969484329223633,
0.02293848991394043,
0.021950244903564453,
0.021969079971313477,
0.02192091941833496,
0.020951032638549805,
0.02396416664123535,
0.0239412784576416,
0.03892374038696289,
0.03289151191711426,
0.041887521743774414,
0.03587651252746582,
0.04089498519897461,
0.03789830207824707,
0.03887605667114258,
0.03591561317443848,
0.03986549377441406,
0.03587484359741211,
0.03892636299133301,
0.035935401916503906,
0.03886604309082031,
0.03588390350341797,
0.03889656066894531,
0.036895751953125,
0.03388190269470215,
0.04091787338256836,
0.03889608383178711,
0.038903236389160156,
0.03587913513183594,
0.03991293907165527,
0.034899234771728516,
0.03889322280883789,
0.0328822135925293,
0.03986382484436035,
0.03188729286193848,
0.03887510299682617,
0.03194570541381836,
0.036881208419799805,
0.027956247329711914,
Red Win
0.01894974708557129,
0.021941661834716797,
0.021914243698120117,
0.02192091941833496,
0.02291131019592285,
0.02294301986694336,
0.02393507957458496,
0.020943641662597656,
0.023931503295898438,
0.021948575973510742,
0.037871360778808594,
0.030896663665771484,
0.03987264633178711,
0.035875797271728516,
0.04088449478149414,
0.03690838813781738,
0.03889608383178711,
0.035913944244384766,
0.03887605667114258,
0.03588390350341797,
0.03989291191101074,
0.03491783142089844,
0.03887486457824707,
0.035915374755859375,
0.03992056846618652,
0.0359034538269043,
0.037923574447631836,
0.04091024398803711,
0.032911062240600586,
0.03887486457824707,
0.03587675094604492,
0.03887534141540527,
0.03789925575256348,
0.03986525535583496,
0.036873817443847656,
0.04289126396179199,
0.03390908241271973,
0.039920806884765625,
0.03192329406738281,
0.03885626792907715,
0.0319218635559082,
0.03690147399902344,
0.025958538055419922,
Red Win
0.025929927825927734,
0.02496051788330078,
0.0364987850189209,
0.030928611755371094,
0.03789877891540527,
0.030889034271240234,
0.040863037109375,
0.03547310829162598,
0.037906646728515625,
0.03789782524108887,
0.03889727592468262,
0.035883188247680664,
0.03887534141540527,
0.03491783142089844,
0.038860321044921875,
0.03592967987060547,
0.03889870643615723,
0.0359036922454834,
0.03937244415283203,
0.03591275215148926,
0.037878990173339844,
0.03587508201599121,
0.036900997161865234,
0.036881208419799805,
0.03388214111328125,
0.03847765922546387,
0.03594183921813965,
0.03922080993652344,
0.039893388748168945,
0.037892818450927734,
0.03391742706298828,
0.03890252113342285,
0.03491067886352539,
0.03992724418640137,
0.03191781044006348,
0.04089188575744629,
0.032883405685424805,
0.03591156005859375,
0.026947736740112305,
Red Win
0.015956640243530273,
0.021944284439086914,
0.02192068099975586,
0.02293872833251953,
0.020944833755493164,
0.02889275550842285,
0.02095341682434082,
0.021962404251098633,
0.02293562889099121,
0.02395939826965332,
0.02196645736694336,
0.03789854049682617,
0.03391003608703613,
0.03892707824707031,
0.03390860557556152,
0.03890728950500488,
0.03292560577392578,
0.03847217559814453,
0.03196239471435547,
0.038973331451416016,
0.03292059898376465,
0.03588390350341797,
0.024911165237426758,
Red Win
0.023935794830322266,
0.023942947387695312,
0.024937868118286133,
0.040895700454711914,
0.03490710258483887,
0.039873361587524414,
0.03189420700073242,
0.038867950439453125,
0.033888816833496094,
0.040860891342163086,
0.03291034698486328,
0.03892350196838379,
0.03388190269470215,
0.03687453269958496,
0.028401851654052734,
Red Win
0.028923511505126953,
0.02290797233581543,
0.021919727325439453,
0.020924091339111328,
0.021942138671875,
0.021921634674072266,
0.02491283416748047,
0.022910118103027344,
0.03792834281921387,
0.03188657760620117,
0.03891611099243164,
0.03686881065368652,
0.040883779525756836,
0.03686928749084473,
0.03892326354980469,
0.03789877891540527,
0.03886818885803223,
0.03590083122253418,
0.0389094352722168,
0.03588438034057617,
0.038924455642700195,
0.03593111038208008,
0.03690147399902344,
0.03690981864929199,
0.03189420700073242,
0.03890109062194824,
0.03590250015258789,
0.037908077239990234,
0.035904645919799805,
0.038892507553100586,
0.0359034538269043,
0.03887486457824707,
0.0339045524597168,
0.038923025131225586,
0.0319216251373291,
0.03887534141540527,
0.032885074615478516,
0.03591132164001465,
0.02592945098876953,
Red Win
0.024931669235229492,
0.021941184997558594,
0.025929689407348633,
0.022940635681152344,
0.03892374038696289,
0.03289151191711426,
0.039925336837768555,
0.03288459777832031,
0.03889060020446777,
0.03194546699523926,
0.038927316665649414,
0.03288459777832031,
0.03886866569519043,
0.03188729286193848,
0.036901235580444336,
0.025930166244506836,
Blue Win
0.013988971710205078,
0.014960050582885742,
0.023929595947265625,
0.0209500789642334,
0.02291417121887207,
0.021941423416137695,
0.02096414566040039,
0.02193617820739746,
0.020947694778442383,
0.020917177200317383,
0.020923376083374023,
0.02191329002380371,
0.020923614501953125,
0.021921157836914062,
0.0209505558013916,
0.02393960952758789,
0.021952390670776367,
0.03892350196838379,
0.03490710258483887,
0.039895057678222656,
0.03293347358703613,
0.03987312316894531,
0.033907175064086914,
0.0388951301574707,
0.0319364070892334,
0.041913747787475586,
0.03289175033569336,
0.03591489791870117,
0.02496027946472168,
Red Win
0.017984390258789062,
0.02192091941833496,
0.021950960159301758,
0.024930715560913086,
0.021920442581176758,
0.021961212158203125,
0.02396559715270996,
0.021940946578979492,
0.023908615112304688,
0.02393507957458496,
0.039893150329589844,
0.03290247917175293,
0.04091787338256836,
0.0368800163269043,
0.03921389579772949,
0.03686857223510742,
0.039865970611572266,
0.03588390350341797,
0.039893388748168945,
0.0379025936126709,
0.039893150329589844,
0.03687548637390137,
0.038875579833984375,
0.0368802547454834,
0.040895700454711914,
0.036904096603393555,
0.03886890411376953,
0.04089236259460449,
0.03288459777832031,
0.03989577293395996,
0.03888869285583496,
0.0408933162689209,
0.037899017333984375,
0.038895606994628906,
0.035902976989746094,
0.03989291191101074,
0.03289079666137695,
0.04089093208312988,
0.03288698196411133,
0.04086160659790039,
0.03291201591491699,
0.04784560203552246,
0.025938034057617188,
Red Win
0.02396988868713379,
0.02192068099975586,
0.022913217544555664,
0.021913766860961914,
0.023961782455444336,
0.02191615104675293,
0.03890252113342285,
0.03189420700073242,
0.03990459442138672,
0.0329127311706543,
0.0388944149017334,
0.03194427490234375,
0.03890252113342285,
0.03192400932312012,
0.0399022102355957,
0.03491640090942383,
0.035883188247680664,
0.0359036922454834,
0.035883426666259766,
0.03488588333129883,
0.036904335021972656,
0.03493380546569824,
0.03593087196350098,
0.024913311004638672,
Blue Win
1.6290087699890137,
1.6106863021850586,
1.527299404144287,
1.4152703285217285,
1.4706759452819824,
1.4674551486968994,
1.456421136856079,
1.458024024963379,
1.4656622409820557,
1.4641354084014893,
1.5678021907806396,
1.5498523712158203,
1.5695500373840332,
1.374326467514038,
1.180119276046753,
1.4774513244628906,
1.422194480895996,
1.1549766063690186,
